362 347
83 301
373 367
18 425
359 357
289 253
320 291
318 409
323 363
4 73
137 37
370 417
225 270
121 349
382 406
330 118
462 370
17 24
436 137
498 207
134 251
100 495
158 372
229 421
466 442
90 326
314 423
149 452
66 88
310 485
40 282
364 398
351 51
330 55
17 245
343 132
308 428
391 261
401 278
256 340
160 99
371 440
255 396
177 475
418 342
75 252
253 308
141 317
20 97
116 21
102 270
232 221
331 295
426 486
436 7
473 210
64 153
132 56
390 319
301 316
386 85
371 241
334 216
474 467
263 48
169 249
396 441
422 488
274 347
287 125
464 365
309 360
153 134
199 66
87 213
429 126
80 15
183 60
462 440
288 238
414 474
383 163
181 483
414 68
499 251
42 129
454 245
106 155
214 231
320 182
284 73
128 488
119 48
447 43
125 218
371 147
153 5
34 297
480 22
213 336
198 30
251 68
461 200
337 13
13 121
41 314
27 391
291 219
111 257
468 483
209 352
294 84
356 356
130 49
148 131
44 374
126 471
427 167
186 321
105 125
261 181
83 442
254 277
441 155
385 224
376 357
481 32
169 133
117 448
97 226
93 44
94 327
242 442
243 182
147 466
111 227
383 488
430 182
467 63
82 211
87 294
136 104
381 248
33 212
487 133
48 384
147 274
487 483
245 103
103 346
9 153
296 498
72 325
360 100
65 137
408 461
240 17
17 425
430 457
354 201
479 136
408 450
342 278
83 428
96 304
81 81
214 369
395 273
485 300
259 465
437 140
321 333
118 117
321 253
364 256
374 98
368 469
192 177
68 210
338 76
288 21
31 77
95 373
47 434
410 94
13 180
277 48
163 200
103 172
474 225
486 411
38 77
286 458
393 472
497 287
153 133
383 102
137 88
144 314
278 104
435 64
325 466
460 80
106 431
374 108
261 491
493 332
21 66
498 405
300 198
153 7
142 329
164 2
276 437
218 322
102 328
407 37
338 14
290 456
224 285
244 363
452 322
147 195
205 282
401 23
110 137
457 362
297 458
143 236
430 418
183 483
178 218
499 80
340 354
88 84
277 224
21 108
367 433
424 381
322 276
251 165
137 495
343 448
7 39
423 215
433 469
364 239
232 399
407 81
326 74
374 131
178 209
324 139
60 422
279 410
48 52
495 488
242 331
460 99
435 400
121 383
404 174
395 483
263 184
162 417
138 211
107 80
420 494
164 115
431 455
364 312
55 191
120 473
183 140
293 378
12 75
240 139
97 315
138 317
109 271
292 450
343 351
62 42
3 166
371 337
124 411
334 52
106 478
398 414
379 139
215 334
163 82
192 231
119 202
414 471
402 57
1 389
452 95
8 173
289 393
487 458
413 346
474 350
13 257
121 68
102 132
333 455
65 180
190 407
371 141
45 182
166 198
461 372
42 330
214 438
128 64
347 410
371 413
484 426
491 10
304 428
119 449
317 276
256 297
451 203
168 133
97 215
333 5
20 377
284 208
396 146
240 219
222 193
87 178
371 8
212 130
155 266
120 342
211 304
213 415
359 265
369 163
269 250
173 181
166 370
346 55
94 331
482 60
172 240
255 30
245 359
140 122
425 24
58 441
284 23
177 56
81 170
349 388
329 120
406 269
436 34
79 1
457 259
178 184
43 15
478 265
134 157
450 441
266 169
330 236
295 10
72 51
71 308
233 331
299 234
241 476
411 450
232 224
209 273
75 88
55 106
275 396
410 153
478 147
374 291
244 8
57 289
200 177
461 366
268 14
168 385
65 262
284 315
171 26
404 89
88 54
449 68
426 30
393 266
130 416
190 197
214 119
233 320
416 118
25 416
183 392
156 201
326 69
312 161
287 211
32 85
98 124
333 208
123 307
167 432
402 465
127 423
0 491
483 106
417 129
137 298
4 310
233 440
177 368
159 482
357 133
417 157
490 49
307 69
88 101
235 83
105 19
5 98
115 45
140 103
1 31
335 230
140 61
313 86
78 396
246 51
251 69
196 416
167 152
475 327
11 252
390 78
395 154
331 10
257 190
104 202
421 373
167 451
256 380
66 280
425 64
335 164
28 184
86 226
237 496
315 468
128 98
90 452
417 312
142 429
327 127
487 479
74 336
24 303
275 301
47 266
282 198
430 414
232 57
482 33
137 331
32 181
19 234
420 144
348 41
150 359
48 414
266 433
408 271
82 203
317 350
403 293
293 51
217 439
204 336
489 448
223 280
229 56
396 335
300 368
198 192
228 330
7 76
288 110
392 62
286 181
103 122
79 413
261 386
6 91
136 291
317 402
441 446
160 333
299 227
164 320
300 240
382 211
149 385
231 351
102 239
91 332
44 493
218 12
481 385
184 212
305 35
464 282
75 444
41 414
188 416
210 373
168 467
286 394
453 128
389 202
47 231
290 380
486 109
14 71
485 130
497 30
51 302
203 11
45 437
227 392
349 108
273 479
477 77
234 450
157 131
160 39
125 21
339 267
178 487
46 400
332 309
47 453
497 375
123 162
316 241
269 197
220 284
220 281
492 173
356 402
313 318
233 352
58 111
432 212
244 484
84 498
267 268
437 143
309 223
126 60
98 166
147 266
186 5
373 368
277 198
370 429
191 45
448 208
491 407
292 73
142 150
69 499
349 187
104 174
361 319
233 107
368 292
211 291
362 91
432 173
259 323
478 215
304 244
19 250
308 429
228 435
171 42
70 492
9 418
201 94
24 336
300 276
372 61
294 437
150 249
152 60
23 403
266 32
47 65
13 48
214 328
239 403
322 64
417 87
342 310
414 193
189 263
352 394
497 255
181 453
117 301
277 395
303 97
479 337
388 21
112 245
245 175
484 397
190 493
51 134
373 219
70 12
39 403
222 28
330 115
255 374
360 474
130 292
43 417
152 126
434 348
95 31
317 300
212 30
497 68
478 337
1 467
111 228
266 243
217 214
412 275
479 346
363 290
353 359
135 407
409 243
153 90
58 141
338 157
114 390
303 18
37 116
143 105
1 366
395 411
387 68
387 91
246 268
145 121
267 465
12 251
299 327
267 347
312 275
62 117
245 460
224 148
342 15
456 388
28 466
175 366
405 235
127 180
128 114
163 89
141 25
47 207
101 292
461 55
165 323
340 278
107 37
212 388
170 286
44 276
488 27
428 218
407 321
406 7
179 359
243 137
251 214
415 457
465 151
262 43
43 42
179 123
82 331
159 342
206 200
437 90
360 158
140 223
130 46
332 325
116 415
380 310
83 472
465 477
111 105
166 345
426 150
237 5
91 216
102 95
31 110
42 418
305 336
348 221
401 9
300 116
499 316
36 406
126 175
12 15
17 317
140 165
440 302
308 208
292 435
498 463
336 230
457 270
454 18
102 243
481 180
200 189
156 250
156 213
142 312
241 174
320 171
383 293
465 274
268 164
206 438
333 184
82 203
459 139
262 8
21 475
247 349
242 60
144 112
495 280
446 468
446 16
148 398
139 26
383 297
364 354
419 31
176 407
241 412
490 474
332 384
183 417
381 233
362 350
482 231
264 417
212 326
378 151
326 159
142 32
177 125
486 494
478 297
196 267
84 147
410 352
346 113
79 143
39 282
421 67
213 10
225 104
386 236
309 371
436 9
442 183
21 280
130 173
272 350
390 224
35 28
351 18
343 435
119 85
249 253
222 223
450 45
188 389
468 143
256 338
100 177
352 407
218 7
475 218
13 173
108 382
102 122
410 231
420 407
327 425
337 240
267 381
192 296
454 422
262 339
253 330
170 442
156 317
421 455
53 196
388 166
469 257
209 236
344 412
488 16
453 466
54 89
480 406
16 431
439 432
322 184
278 172
41 17
290 301
263 255
68 172
92 295
403 427
211 415
281 13
431 109
480 289
8 242
391 6
203 312
1 323
377 24
283 399
321 119
155 82
74 460
121 233
329 243
301 120
404 394
443 449
158 327
40 267
225 39
468 455
475 478
440 372
332 114
429 327
199 146
63 50
452 473
88 492
263 298
401 226
213 492
0 346
349 182
491 116
401 333
67 479
456 69
29 266
357 341
27 438
355 67
252 41
226 56
279 470
495 315
155 65
273 456
387 147
111 173
234 440
303 256
359 159
292 69
281 328
468 265
316 257
7 379
450 196
465 95
61 101
254 305
295 182
4 55
136 293
344 15
422 495
427 174
380 168
447 96
99 474
162 387
244 390
189 235
135 192
389 284
457 405
465 403
4 277
238 260
455 379
384 476
412 165
211 352
395 386
48 132
325 21
17 78
445 4
145 278
283 214
116 67
54 435
253 448
113 166
226 469
110 367
66 366
421 70
122 130
282 454
64 377
463 461
241 237
30 320
475 74
497 386
67 176
398 382
271 496
314 492
39 406
445 255
196 66
353 44
386 308
46 300
464 33
288 236
223 222
488 144
240 256
364 266
242 117
206 226
367 240
79 282
448 278
73 306
139 217
384 195
36 390
436 197
286 255
384 44
453 258
122 383
305 392
164 145
112 348
20 499
44 415
201 171
109 421
300 271
427 249
338 63
404 480
468 301
93 72
381 53
335 319
352 408
101 421
370 84
310 405
162 50
287 134
321 146
73 270
204 289
486 340
370 193
96 285
298 204
407 144
109 484
198 179
470 111
451 15
27 417
267 139
339 158
196 59
165 61
376 400
260 332
275 203
289 154
51 26
172 278
287 32
221 282
241 286
471 404
465 251
338 175
242 111
464 151
94 291
33 117
59 425
35 271
275 109
123 431
377 166
285 217
352 411
18 438
494 246
229 456
464 228
309 388
269 195
339 87
106 281
280 181
177 121
27 7
398 211
210 382
41 131
345 101
18 460
184 451
246 184
277 103
277 24
3 295
462 76
207 315
417 224
40 66
434 7
53 277
389 328
195 165
447 478
418 37
166 18
365 326
493 105
121 436
27 209
399 98
195 108
124 261
252 261
144 47
108 152
89 376
434 55
217 36
168 488
244 112
393 497
100 201
229 349
278 381
265 139
249 374
325 16
482 319
150 355
258 323
265 75
241 332
79 359
341 113
20 464
340 157
271 55
130 48
425 204
117 173
484 492
124 102
203 11
109 450
370 395
137 486
167 363
490 43
290 132
318 2
386 380
229 213
296 499
338 463
11 363
252 471
214 83
67 259
19 457
176 356
467 63
330 91
289 179
232 340
425 55
387 424
173 290
311 179
482 227
67 144
330 351
442 246
306 276
141 133
448 165
457 391
0 311
72 321
399 480
192 401
220 431
305 35
160 158
145 42
470 197
382 42
85 160
299 81
452 430
286 363
115 172
260 2
22 88
152 126
176 184
236 130
231 5
19 64
214 211
67 439
130 34
164 366
231 488
253 234
417 338
159 75
405 465
159 48
16 253
137 231
431 494
92 78
139 455
345 211
221 336
174 296
157 136
47 137
22 205
59 382
74 151
252 436
438 321
101 341
416 174
26 458
407 133
332 388
276 12
464 306
51 321
235 0
385 198
52 8
331 250
265 60
157 339
25 161
260 9
80 173
342 462
200 370
382 129
398 466
452 449
204 326
273 76
276 72
357 351
236 306
435 353
42 278
111 69
247 106
321 126
394 209
16 398
275 338
462 184
229 162
357 177
305 461
227 221
403 31
452 475
376 275
402 211
79 386
110 363
74 457
181 75
399 94
105 385
222 356
17 36
71 184
39 405
62 246
233 485
466 174
327 333
357 379
223 197
184 465
117 287
19 386
179 284
263 1
209 111
491 378
370 456
119 449
37 67
128 453
68 65
257 141
389 256
299 53
313 278
323 473
96 289
321 129
42 379
17 178
420 62
9 15
422 403
158 81
463 191
471 178
23 384
362 244
147 384
355 25
79 22
363 497
294 384
77 417
384 181
158 190
457 171
369 492
464 386
432 226
331 290
494 190
343 83
473 353
74 404
141 487
445 28
93 337
51 102
89 329
469 377
262 355
74 451
181 237
136 436
277 239
75 287
31 256
361 204
170 67
192 126
237 336
410 401
106 44
94 167
373 112
350 60
495 371
355 322
197 424
37 283
37 335
86 364
306 304
463 111
100 389
373 138
456 268
244 378
38 297
140 115
188 207
418 16
473 329
291 418
315 112
434 366
21 40
170 280
271 402
327 45
226 432
84 360
400 195
116 111
86 363
194 262
338 474
21 113
164 382
353 138
33 414
428 463
361 441
490 322
452 289
238 167
227 413
170 200
349 21
23 239
288 7
186 360
473 268
38 434
36 320
255 492
42 310
282 456
488 468
214 306
28 21
436 99
112 66
112 471
212 215
462 139
473 98
393 438
4 257
354 358
247 219
435 471
381 466
32 313
73 119
21 334
324 188
375 423
396 156
499 309
313 220
227 148
338 385
88 287
441 453
470 51
385 408
497 147
79 65
128 54
111 403
332 438
403 342
94 382
37 289
234 50
110 434
219 40
77 142
73 88
294 174
189 133
334 232
139 285
371 22
389 70
65 153
130 113
387 463
298 113
395 455
189 296
135 381
356 216
357 146
310 399
50 13
147 20
439 441
416 404
495 431
167 178
368 19
392 439
26 263
119 280
56 244
82 141
95 12
89 78
182 84
15 216
420 480
421 318
95 170
378 264
447 137
317 103
303 326
475 399
202 34
271 496
103 466
68 237
364 282
84 337
364 490
266 372
227 421
477 223
113 123
478 26
264 132
453 481
9 269
302 159
179 403
419 486
455 103
364 456
284 47
100 188
101 439
379 330
356 177
368 486
94 243
186 222
92 332
189 208
190 225
319 39
473 59
310 196
409 321
18 400
275 56
119 488
345 436
93 243
259 390
110 340
8 144
88 197
159 257
155 355
128 65
19 151
167 24
89 273
434 421
19 308
1 374
61 48
16 146
308 240
468 289
30 17
273 454
28 313
341 94
344 361
105 425
48 98
265 278
334 131
430 105
70 172
278 316
320 74
92 185
188 268
441 146
314 270
133 412
55 274
148 275
405 456
311 196
62 393
249 169
174 373
82 337
384 373
422 482
276 207
441 221
266 407
396 84
417 494
476 142
174 456
407 128
471 291
224 116
48 136
334 27
160 156
307 161
66 496
164 95
219 73
36 183
441 150
499 66
247 61
115 104
66 181
174 6
337 476
165 394
213 439
353 119
79 405
162 329
197 216
457 309
210 491
151 465
308 214
69 69
142 137
459 476
307 91
156 18
416 247
160 146
276 487
394 444
364 284
63 243
55 233
289 27
160 181
100 97
211 53
317 87
215 429
187 60
138 438
230 328
168 16
63 196
281 260
63 71
4 451
77 188
27 119
14 210
160 46
318 60
371 392
488 148
280 181
341 30
55 45
194 421
483 378
427 176
226 411
87 218
381 38
53 287
370 423
59 3
233 295
253 284
392 192
151 324
120 306
67 264
143 216
324 313
339 157
323 432
300 399
47 222
2 210
229 382
282 45
465 404
136 193
153 268
180 208
359 86
40 63
103 226
340 335
420 436
240 82
88 187
427 79
143 295
335 257
450 358
315 429
8 458
206 431
224 300
187 387
72 286
391 498
14 283
243 104
86 206
279 181
16 82
8 140
57 180
313 41
183 303
113 405
295 171
15 194
463 498
57 36
161 287
103 211
194 337
330 426
184 205
438 265
176 156
28 295
428 332
184 30
61 89
113 387
172 369
267 444
390 117
55 53
393 189
386 408
375 243
133 447
462 196
409 293
192 57
18 266
338 374
489 144
218 114
414 379
402 401
155 176
361 254
182 155
392 323
170 464
313 159
476 277
281 86
364 321
394 484
403 212
56 164
451 179
426 194
26 417
26 376
58 493
389 233
234 70
162 84
77 199
17 202
28 427
256 179
98 226
334 231
210 98
16 115
200 110
384 377
357 273
319 86
44 26
162 374
95 331
273 210
92 444
392 493
92 23
51 181
388 29
65 211
0 398
155 108
429 337
426 424
171 150
58 283
499 166
462 443
393 147
391 9
36 477
209 431
52 317
61 376
106 36
122 228
184 95
227 422
320 224
272 135
2 7
499 409
151 203
147 89
305 28
321 25
446 116
333 207
409 46
177 418
385 145
463 456
427 360
111 278
72 496
166 468
182 125
382 21
124 342
21 467
17 283
256 11
282 429
1 136
80 407
261 198
166 396
157 43
339 161
446 382
482 300
319 32
184 19
160 205
194 125
117 110
325 267
31 167
20 322
185 272
0 272
162 450
27 143
259 483
150 224
61 251
61 38
132 213
146 332
300 245
253 455
411 484
396 496
84 459
350 457
484 89
402 455
481 17
230 373
369 439
215 320
331 227
321 316
14 445
415 411
263 282
271 1
479 381
325 459
412 152
144 122
56 273
388 62
155 308
358 466
372 424
148 431
324 67
197 253
302 197
33 399
260 58
293 305
43 161
391 300
297 474
159 428
322 101
151 433
46 497
168 282
109 438
369 69
98 323
240 384
361 83
199 193
22 475
252 134
409 276
381 210
165 264
177 315
215 451
58 31
279 156
62 210
421 375
313 448
451 353
116 255
273 90
209 50
332 262
173 40
495 374
425 70
467 298
245 389
314 233
15 328
169 474
30 159
312 239
431 288
91 256
293 99
220 264
165 342
345 221
57 207
134 333
282 1
182 442
352 8
285 410
73 232
336 168
425 215
399 428
349 368
100 326
476 23
304 361
327 423
256 338
465 203
206 335
349 416
8 391
460 414
26 221
14 377
46 366
399 52
19 248
379 105
1 138
50 336
217 371
60 140
411 495
493 420
181 50
236 491
485 67
189 50
65 462
249 9
333 499
362 17
58 418
9 373
489 34
378 250
204 468
317 466
176 298
144 181
412 440
192 9
310 101
315 164
264 472
48 66
268 41
328 342
143 338
64 39
292 419
217 300
315 300
19 410
413 188
448 455
173 57
326 287
107 223
226 335
99 258
50 1
117 43
464 288
83 487
22 383
139 226
194 328
426 170
178 184
234 170
2 322
465 429
460 310
219 427
278 391
91 132
124 218
105 198
323 470
461 72
456 320
132 481
4 220
17 436
488 323
303 313
441 59
400 165
491 263
259 484
231 115
127 494
31 161
390 431
269 445
192 427
42 220
85 155
408 395
430 129
330 461
433 435
332 424
465 103
31 206
272 122
317 429
415 250
368 491
136 197
83 67
24 399
87 482
235 419
478 172
84 340
151 42
204 228
467 420
393 47
310 93
373 169
456 310
302 249
191 421
21 443
447 392
439 345
432 298
117 383
53 237
385 142
184 392
318 381
194 88
89 495
260 123
79 193
270 369
16 397
384 379
105 145
368 30
414 207
234 4
24 438
229 386
338 198
372 72
160 45
32 362
495 413
395 270
114 38
115 259
268 269
189 121
17 18
31 116
149 366
146 463
414 306
291 461
185 67
470 248
418 484
203 10
107 363
447 331
398 435
150 211
457 114
14 495
384 61
444 107
137 340
300 303
288 383
98 481
132 447
97 431
87 392
384 350
310 161
122 321
51 74
349 218
436 396
207 280
108 80
85 106
499 13
218 273
170 89
23 45
368 283
278 210
206 312
168 82
398 409
254 54
50 160
48 380
100 427
442 340
135 261
314 261
306 115
154 21
62 280
466 411
105 237
464 424
464 358
154 235
454 358
68 40
279 483
439 489
310 419
392 470
341 34
186 311
498 116
485 322
491 80
301 245
61 42
406 295
444 162
432 248
327 18
387 455
372 230
278 465
168 318
192 485
269 291
401 205
348 113
35 355
274 470
375 120
127 448
149 128
49 430
2 127
229 416
199 384
456 394
347 301
274 236
274 197
40 373
11 77
358 263
117 408
416 114
54 317
394 1
442 214
397 274
78 357
169 320
55 97
62 294
199 268
189 444
173 464
49 381
91 115
464 403
444 211
476 196
448 44
459 226
448 217
141 278
185 364
405 340
277 202
303 270
328 43
120 354
26 42
47 191
205 345
101 427
202 487
26 407
138 336
23 434
111 35
343 74
225 166
449 431
367 328
406 267
314 77
372 259
300 306
416 344
199 102
438 457
232 47
157 374
459 455
72 285
37 271
333 349
265 150
442 486
256 308
195 248
297 125
203 146
324 143
297 487
444 403
98 189
266 124
459 101
411 66
89 497
37 119
275 102
0 266
156 236
4 203
341 360
140 89
8 117
292 111
209 68
330 226
0 408
282 244
88 429
410 253
348 418
393 119
139 279
442 227
201 498
125 464
123 377
445 230
383 154
304 233
466 292
201 297
73 19
397 361
460 496
283 255
289 329
330 305
159 290
489 360
368 325
404 92
45 217
415 400
4 112
43 24
338 408
450 16
235 349
401 27
181 67
58 204
135 346
3 426
156 272
114 366
134 309
423 254
283 53
362 467
252 251
167 254
327 373
401 464
199 185
236 332
365 460
114 365
237 262
60 78
11 481
432 411
243 350
27 376
393 148
229 181
312 425
163 332
146 167
219 270
284 211
41 141
252 470
189 129
398 19
405 106
399 382
305 57
219 495
110 217
333 294
125 363
294 328
218 85
414 225
346 210
263 492
322 13
121 281
443 412
384 271
396 231
270 15
112 99
393 411
20 75
156 482
218 441
85 215
356 132
478 291
467 165
11 382
229 484
212 460
5 199
219 56
152 118
187 110
432 289
98 199
80 312
240 428
243 476
352 457
164 143
417 202
380 179
357 176
491 281
247 424
134 136
323 76
219 485
189 330
350 440
317 493
460 380
162 75
360 179
335 279
118 54
137 307
218 149
132 302
200 419
9 133
321 325
157 478
365 211
96 412
79 437
90 447
239 180
180 239
140 368
367 363
413 277
180 84
387 80
67 1
302 413
347 222
359 78
178 481
85 392
126 350
143 12
458 196
340 449
436 309
215 220
152 497
110 438
386 244
396 489
373 87
99 75
182 69
263 284
184 282
322 250
336 7
490 349
425 490
403 452
187 230
448 159
131 77
187 139
188 471
34 420
482 289
331 486
35 249
464 467
204 217
176 131
113 481
108 355
322 268
226 16
315 305
450 424
285 129
233 401
112 198
293 431
28 229
173 19
457 194
394 291
224 218
221 108
494 79
416 46
288 172
167 414
371 31
435 358
448 90
5 175
398 300
87 154
170 255
350 384
187 209
414 253
312 443
456 268
15 417
352 75
127 463
377 279
407 469
82 217
148 158
468 436
104 281
92 470
363 10
320 437
189 210
300 113
443 28
430 254
406 56
148 136
486 67
479 292
279 411
228 194
143 392
21 202
0 279
226 396
193 42
410 57
8 189
472 203
203 300
175 306
422 102
66 286
20 135
378 294
52 75
467 255
490 350
