26 267
101 231
296 178
487 156
286 278
258 423
362 432
30 348
290 446
257 269
349 284
302 332
317 426
289 306
204 449
324 290
72 149
150 336
425 480
376 304
309 35
3 102
303 91
371 428
125 134
111 4
235 177
96 327
309 429
55 122
413 119
325 296
249 220
131 378
228 303
75 22
269 422
336 79
40 151
370 439
197 392
99 9
89 363
382 66
336 453
340 125
357 153
144 217
423 486
472 220
292 146
141 425
83 181
97 207
79 467
490 364
375 178
336 282
276 353
57 309
239 169
185 116
491 80
261 300
328 483
214 259
471 367
37 333
51 465
332 126
201 68
300 489
143 192
168 286
195 458
439 105
410 231
263 357
330 111
473 11
224 289
20 247
39 11
393 133
9 478
177 429
355 358
33 173
67 468
283 214
213 187
233 194
64 44
409 300
405 434
320 365
179 308
429 182
166 57
253 49
