370 333
47 157
21 450
239 182
433 206
270 184
23 147
496 115
151 165
354 302
433 384
49 147
96 43
394 59
445 190
474 206
399 6
53 202
413 279
395 75
103 203
365 278
211 404
177 31
417 411
77 339
44 198
26 235
173 402
164 499
455 296
236 112
123 113
173 31
87 401
218 406
177 143
265 254
134 306
310 211
75 77
448 142
322 332
222 301
111 43
333 220
453 404
230 124
254 140
165 484
343 202
277 73
287 33
248 216
421 397
489 400
256 2
223 412
306 184
249 358
188 480
438 212
221 351
239 399
482 221
303 322
206 4
467 322
52 299
220 97
118 70
318 488
126 63
8 231
141 323
459 462
437 213
332 146
368 260
446 312
17 113
41 228
43 260
102 122
368 477
191 222
355 372
154 57
304 440
59 113
326 363
5 203
311 202
236 180
455 36
330 133
382 452
271 191
493 418
336 87
422 115
120 369
144 425
279 351
76 230
392 253
107 82
84 357
277 292
98 259
38 423
395 467
97 358
87 90
358 320
221 182
64 269
240 248
316 291
178 92
16 309
245 230
203 325
164 216
438 353
93 42
319 155
260 330
13 484
220 345
289 471
4 133
320 308
340 436
175 461
134 49
259 232
125 161
16 217
51 195
58 383
193 149
411 458
472 450
89 406
197 127
120 478
295 416
35 175
8 269
143 24
446 22
366 438
230 233
34 311
425 497
484 315
281 258
389 481
164 222
447 19
434 270
180 77
429 17
359 249
174 191
127 310
258 297
249 238
30 461
472 323
453 488
271 231
37 264
403 269
228 115
361 208
267 190
118 287
206 454
50 46
204 351
491 27
264 455
456 49
468 444
481 86
155 252
285 40
388 255
313 62
412 60
283 43
217 329
441 421
447 376
106 397
233 222
384 105
412 22
139 211
41 290
9 269
286 306
390 360
291 481
313 344
72 83
407 204
486 173
14 330
286 313
123 153
38 370
136 417
260 67
136 486
431 195
100 251
242 103
233 221
109 409
130 102
159 283
258 40
54 289
85 152
409 38
485 30
402 49
421 51
120 358
299 41
200 444
126 277
455 391
466 8
174 435
53 272
369 335
280 195
83 424
212 266
192 144
178 485
7 220
99 225
355 309
230 312
300 279
356 458
249 164
450 276
412 433
217 90
497 413
39 314
295 237
436 231
164 354
475 26
367 447
123 63
441 148
211 417
338 474
459 439
1 446
222 456
87 165
99 422
374 381
287 127
37 352
433 424
114 407
174 172
478 485
209 159
203 66
450 110
452 87
199 356
156 32
251 97
96 304
22 351
163 346
243 335
394 33
357 158
330 147
84 213
119 381
219 355
254 496
201 397
382 235
459 439
480 52
324 454
225 374
343 170
472 129
130 296
396 52
412 212
5 386
195 41
415 60
411 399
384 380
281 216
11 201
74 168
435 302
497 444
105 149
41 466
233 164
461 10
252 382
223 376
161 258
455 151
318 99
160 490
94 330
471 361
382 261
27 467
157 121
278 270
396 189
19 120
218 35
136 313
242 128
191 227
176 464
449 156
114 426
288 124
55 147
160 355
347 309
6 237
132 398
356 456
374 491
274 367
41 15
207 302
471 274
397 378
325 29
136 482
437 30
306 120
2 416
285 481
452 361
474 334
11 98
18 423
242 123
400 161
450 102
80 103
363 406
448 94
99 8
190 187
106 292
5 371
261 495
399 289
427 225
248 171
228 129
358 10
132 376
480 45
37 372
422 272
41 343
39 459
80 118
142 141
499 268
305 372
147 301
353 99
428 122
101 442
434 476
56 211
207 323
483 453
197 324
101 482
109 331
393 296
26 424
62 342
326 232
90 379
274 451
112 180
381 145
435 18
281 392
199 272
432 16
408 105
127 301
425 38
201 311
407 421
38 220
302 491
345 412
95 200
444 179
155 488
65 97
358 21
375 268
0 177
255 438
36 480
186 267
480 421
243 171
206 464
73 300
361 164
391 401
336 477
220 232
361 256
457 412
269 464
408 63
270 388
191 327
18 384
350 473
287 478
343 132
179 370
84 470
477 6
214 248
174 487
488 100
102 191
243 287
194 149
374 146
73 237
410 208
81 324
213 42
350 406
132 63
339 457
484 16
370 452
462 24
499 278
417 467
274 166
275 215
451 144
216 448
196 487
420 17
196 17
239 417
355 428
45 465
96 212
191 182
444 60
307 366
18 39
322 498
64 176
247 452
361 52
130 111
69 24
237 251
93 219
181 286
459 3
311 394
283 421
211 117
495 252
146 127
229 313
183 89
314 121
393 372
176 235
400 489
368 482
169 420
136 78
454 168
200 386
463 441
55 34
484 352
283 396
380 268
293 240
113 174
358 354
467 142
95 281
62 314
339 251
51 129
371 465
155 405
342 408
389 13
275 11
480 419
7 459
261 129
374 104
311 496
365 301
426 236
108 349
187 492
432 236
278 379
5 459
214 55
147 196
105 93
411 127
163 459
378 207
493 31
242 263
414 358
113 225
317 58
269 157
85 488
497 215
425 63
2 93
114 483
493 451
226 2
329 23
375 350
295 368
125 378
2 478
128 397
185 318
396 203
110 208
411 296
257 448
330 490
324 210
359 8
359 399
108 391
336 384
372 82
236 248
373 401
487 221
450 301
84 239
66 43
488 335
402 335
68 74
310 236
99 337
334 232
435 496
225 101
445 24
297 459
359 192
118 129
63 335
321 415
439 232
141 91
3 319
9 308
471 96
327 306
194 472
407 48
263 170
218 187
428 457
31 411
490 112
47 332
417 80
398 20
133 366
129 119
133 31
15 189
127 49
210 349
332 252
203 284
8 316
59 471
328 22
310 86
263 388
123 398
242 187
50 152
147 342
264 338
361 440
43 490
388 392
441 165
247 447
349 319
403 57
250 85
100 352
199 350
145 482
408 458
44 192
225 115
24 47
195 470
178 188
432 340
308 158
387 155
136 334
255 321
477 329
128 365
20 421
310 198
296 277
282 358
249 373
381 441
387 295
269 363
348 286
109 499
343 249
83 162
290 324
207 392
100 229
207 375
330 208
357 377
180 39
29 284
251 267
455 114
345 74
421 353
265 140
257 21
469 10
83 473
77 279
135 337
130 155
69 357
17 350
275 227
130 496
483 231
436 149
394 467
83 421
73 328
444 263
499 432
61 3
192 109
332 199
302 229
380 294
150 289
499 136
132 473
138 83
181 421
370 98
162 472
189 240
44 44
409 118
277 71
354 168
265 282
6 115
23 375
339 285
50 473
464 27
56 204
327 413
486 406
437 44
16 490
221 1
94 83
122 321
293 298
137 115
131 155
110 249
103 301
336 183
404 348
56 77
120 370
473 363
497 163
284 415
204 269
304 220
82 488
151 336
21 302
300 181
439 66
216 267
54 186
499 477
498 309
489 218
2 492
195 341
298 384
337 321
353 305
476 252
103 253
120 203
169 384
323 174
96 205
222 456
229 401
59 279
406 103
296 345
457 413
442 351
416 440
443 165
415 123
485 178
273 202
230 317
301 395
337 65
0 105
476 284
110 81
43 69
13 291
183 370
371 377
401 116
24 406
194 459
332 320
498 224
282 489
417 151
33 380
222 34
28 375
77 430
160 341
445 199
189 52
285 59
404 105
251 490
376 312
475 473
414 21
13 493
102 384
110 231
197 226
360 349
459 166
362 206
435 156
0 308
16 477
388 249
492 41
417 350
279 376
214 190
454 494
191 98
297 165
139 79
164 115
479 182
126 355
197 92
55 237
375 472
434 349
339 425
183 7
392 323
132 66
213 143
196 168
30 307
31 259
138 186
129 65
210 417
463 186
381 85
153 310
168 294
334 455
172 73
77 155
279 348
200 7
46 420
473 136
101 157
343 319
130 49
16 54
420 253
477 489
499 52
27 10
441 447
3 423
107 498
171 89
167 262
494 134
133 238
146 288
120 233
386 14
56 467
373 377
319 303
354 321
374 143
423 64
168 413
112 419
373 23
418 257
51 173
82 427
288 167
68 139
425 66
21 487
145 392
54 70
67 6
78 398
221 171
53 288
302 201
353 49
278 418
162 28
77 442
303 160
40 43
371 169
133 201
371 409
423 305
154 428
10 270
157 111
412 351
213 178
293 204
366 201
159 261
228 291
7 385
398 417
185 374
305 244
448 173
189 147
323 198
59 498
426 111
465 356
159 398
243 341
137 57
196 111
12 228
237 297
268 346
432 270
63 128
83 307
183 209
37 51
492 328
49 293
497 192
156 124
260 324
293 318
79 263
79 202
237 309
81 343
209 269
307 3
358 87
321 460
204 195
278 195
166 321
90 300
199 305
6 415
211 470
12 431
324 320
463 318
86 450
278 461
392 261
40 375
228 78
34 443
33 145
335 283
136 449
424 27
256 475
485 423
391 421
36 296
397 238
182 361
467 496
64 309
104 239
201 214
453 336
199 498
384 90
148 99
95 429
94 47
166 363
322 277
287 182
257 104
292 170
14 361
169 406
277 147
50 403
484 413
139 394
19 110
