72 122
161 90
48 363
409 485
251 301
494 270
203 172
461 243
113 94
414 18
183 238
110 333
212 472
369 30
224 150
193 202
187 215
454 63
264 493
146 494
390 400
324 96
322 350
248 230
488 44
412 411
102 136
153 192
234 454
417 308
287 223
28 20
362 443
271 409
140 29
248 230
156 480
211 252
319 284
403 398
176 240
359 166
246 251
357 423
97 389
204 127
407 386
6 278
420 22
108 45
17 338
291 83
27 371
74 412
115 165
387 32
219 493
345 179
459 155
315 98
77 24
309 146
191 424
15 295
227 217
103 220
459 123
138 191
164 196
15 56
138 250
229 226
319 469
289 58
145 476
459 134
274 171
195 487
358 257
100 163
476 409
107 118
236 118
263 65
119 144
70 201
464 376
18 171
221 399
79 111
463 331
295 322
348 447
193 113
277 14
26 484
267 240
398 25
368 302
351 52
10 294
365 386
364 244
319 430
101 99
377 59
237 359
80 203
300 0
203 217
179 38
382 200
266 257
277 223
113 240
274 253
279 50
454 19
103 399
257 423
328 59
130 181
93 269
428 32
110 58
480 362
332 227
461 234
326 252
498 378
32 278
308 227
19 455
388 245
159 396
299 91
45 388
476 231
262 109
234 176
262 321
240 270
410 94
165 59
461 208
114 36
107 468
438 130
329 469
346 3
146 316
123 242
152 486
488 457
181 386
98 233
92 32
37 235
395 461
28 494
79 27
235 447
285 103
362 383
143 324
275 144
145 178
388 391
404 320
178 483
459 67
499 113
162 404
354 375
104 74
270 256
394 253
76 388
201 453
371 399
192 381
443 145
405 336
496 150
309 316
117 401
368 455
175 383
191 313
345 281
168 108
121 76
85 291
205 167
50 471
36 175
23 190
151 174
74 243
50 145
124 357
218 33
110 117
128 273
33 406
253 192
169 50
385 422
167 206
209 322
446 146
352 203
205 192
21 412
2 127
420 138
495 368
326 402
466 211
25 313
363 390
184 220
79 481
162 273
215 331
132 61
436 68
143 248
130 86
196 398
224 435
428 359
106 171
133 163
48 497
38 56
1 170
209 51
137 367
148 210
403 103
378 363
141 495
342 88
398 38
263 454
199 303
273 248
385 268
397 189
143 260
138 280
258 102
147 175
479 337
267 188
208 166
373 293
131 64
33 245
379 145
313 140
93 245
73 229
255 434
27 255
158 449
125 397
254 327
296 144
43 409
130 164
354 1
410 487
197 3
464 10
228 166
246 291
495 435
353 191
84 94
200 70
104 35
70 393
316 88
275 17
442 483
275 386
209 474
136 426
331 14
222 71
439 22
276 32
386 326
169 440
214 335
328 24
206 420
284 361
282 110
157 33
167 337
455 460
14 66
410 226
347 369
53 251
415 157
175 57
48 66
317 384
351 308
272 260
127 311
286 83
371 62
411 168
295 98
38 184
366 263
380 381
395 15
450 65
284 15
410 168
131 416
338 110
121 498
202 308
303 203
164 271
130 440
498 439
398 103
263 412
89 395
267 359
63 358
348 285
253 245
158 72
477 73
448 61
162 27
372 455
74 304
70 449
93 410
320 429
298 9
406 340
161 104
414 343
240 257
294 53
185 438
302 300
386 466
14 382
267 61
10 91
217 251
166 221
273 439
233 388
323 239
231 156
77 209
392 92
286 187
188 202
252 17
226 347
301 367
94 467
180 192
162 24
340 101
129 116
260 94
25 122
211 300
467 250
158 492
387 134
307 407
326 257
424 328
304 112
52 497
8 488
87 288
278 337
125 427
386 381
192 73
258 91
154 119
229 341
470 153
459 395
58 9
2 135
191 120
214 161
389 363
340 231
263 231
61 148
346 277
206 265
10 431
383 426
330 378
135 119
449 362
317 313
310 378
289 349
444 270
108 378
416 200
406 103
446 340
156 229
196 259
47 333
129 420
385 108
260 348
60 495
193 212
213 361
302 14
148 304
317 171
356 316
429 466
429 1
348 490
298 173
336 82
45 315
73 156
427 85
152 213
126 278
92 466
345 379
228 66
442 116
52 217
65 58
484 418
341 191
170 354
221 62
268 494
248 42
97 321
251 305
129 160
410 418
138 357
445 488
412 166
86 307
95 406
85 144
117 286
495 168
232 267
379 227
426 63
471 11
189 107
121 263
146 247
329 342
315 239
416 73
409 445
204 263
330 36
55 225
265 295
159 215
157 278
5 282
299 415
141 485
366 31
219 471
408 7
43 99
173 472
228 60
63 254
427 189
411 425
114 308
132 374
385 355
13 295
243 2
210 415
460 222
108 6
209 396
397 187
290 262
174 389
15 108
171 193
304 335
309 282
6 28
250 131
439 463
119 485
395 354
345 333
221 189
148 109
49 383
93 214
271 223
320 220
349 214
405 269
176 17
468 389
472 483
27 83
479 335
13 103
316 8
393 97
66 4
305 400
171 352
29 37
74 243
335 142
95 202
143 188
365 104
303 274
386 83
230 104
127 21
388 347
51 461
74 448
158 47
452 91
446 87
216 184
388 115
270 319
134 288
294 229
5 426
478 443
60 478
354 334
77 316
429 220
468 371
311 427
411 403
131 114
315 399
226 59
131 283
2 259
477 495
176 300
92 273
482 319
447 423
20 5
405 211
372 293
36 449
415 299
460 258
204 328
234 8
41 259
305 50
166 307
281 52
77 490
65 187
65 374
354 137
131 298
100 125
253 467
381 152
409 196
28 369
417 253
439 252
482 73
247 10
234 143
494 227
96 480
314 387
168 364
165 169
329 464
132 181
151 87
499 44
385 195
29 75
325 242
204 351
323 304
479 25
479 38
160 401
298 249
481 425
1 276
199 351
387 246
117 164
97 375
281 32
264 228
25 58
130 410
365 12
411 395
286 474
251 281
155 306
361 58
200 214
468 267
79 187
469 346
248 452
289 46
345 89
413 241
142 398
245 129
211 304
37 156
472 100
67 33
328 135
112 140
386 406
127 450
410 435
349 108
96 38
285 331
312 67
465 72
490 449
456 202
278 295
222 258
239 57
45 406
196 103
196 81
299 318
21 32
248 473
219 124
5 254
436 497
166 435
304 272
305 126
199 329
396 97
384 197
354 285
14 276
481 359
368 400
206 83
375 256
203 498
85 224
173 476
403 48
156 259
215 181
111 198
0 237
35 215
98 84
175 48
469 389
116 26
381 313
63 103
23 346
276 204
262 66
291 394
15 63
407 324
273 382
65 103
205 366
246 278
301 156
125 354
73 190
107 346
328 204
148 404
29 313
206 151
208 448
363 252
391 322
36 477
312 124
323 195
107 450
482 114
485 192
294 294
337 466
328 184
166 58
0 346
40 274
69 368
219 411
75 95
0 32
316 330
309 142
295 387
43 96
449 317
383 455
243 224
147 496
466 228
110 327
311 81
293 391
300 188
270 165
496 150
379 200
100 429
395 46
291 79
247 252
81 328
12 298
164 256
21 43
364 193
199 350
35 121
464 215
54 482
299 407
63 19
241 131
8 81
369 333
70 389
322 89
30 225
434 299
189 63
192 206
120 254
34 117
4 473
434 300
355 477
100 196
372 130
379 73
316 127
51 253
126 252
437 347
422 318
442 392
207 269
11 13
391 376
321 392
261 401
375 71
10 410
169 108
114 253
352 288
409 406
19 157
304 408
325 231
428 146
160 9
386 179
144 451
106 337
129 108
107 115
408 205
358 146
229 323
160 473
271 409
130 327
192 89
90 354
193 424
140 297
212 356
448 493
197 253
262 62
29 392
198 80
88 472
220 63
298 78
420 189
152 286
398 9
123 447
317 368
4 194
198 305
241 337
309 126
37 110
266 51
13 138
487 369
377 91
449 476
382 428
178 14
202 125
151 181
295 487
251 101
496 475
400 422
335 97
63 134
72 25
111 331
207 317
50 302
139 168
428 337
448 63
8 224
14 305
338 139
112 78
461 132
460 356
173 295
428 350
195 78
355 478
28 492
131 402
416 278
207 491
19 470
323 288
167 116
17 184
446 381
27 71
85 16
409 27
399 341
448 76
216 162
457 160
253 177
420 460
234 356
453 101
390 213
127 112
423 417
223 403
195 273
389 227
220 453
375 403
468 36
56 46
417 298
163 236
358 105
61 184
220 238
254 488
259 360
190 66
481 340
151 192
250 6
450 63
192 329
216 138
152 179
281 79
222 351
168 39
474 114
377 32
179 128
29 137
199 310
64 60
57 305
145 292
46 155
104 347
451 392
311 240
83 422
306 456
82 366
34 8
95 270
465 219
371 272
175 404
418 398
492 409
462 176
226 490
41 19
78 271
6 352
245 119
10 395
303 202
423 228
7 99
44 242
467 78
496 217
305 103
359 490
405 309
394 233
324 9
320 228
134 19
342 155
282 366
267 443
321 38
135 465
95 348
390 95
91 423
266 338
400 252
168 418
429 247
91 246
123 204
46 70
323 319
264 186
198 274
189 334
174 237
214 192
290 183
484 20
82 1
71 127
358 199
473 485
147 8
74 467
