453 96
438 105
23 257
198 336
295 406
163 372
52 208
97 491
305 420
274 47
419 145
153 380
135 399
376 332
99 360
65 28
117 371
413 50
470 58
222 483
127 269
203 87
5 275
251 118
331 49
174 22
225 486
160 256
464 270
487 156
280 78
243 382
477 257
238 61
459 205
129 63
193 99
366 87
94 141
441 189
402 374
161 491
351 225
483 285
103 356
266 464
264 298
476 228
326 314
10 371
247 462
120 409
344 104
425 418
461 0
235 106
171 16
73 60
437 45
4 437
82 139
58 436
143 473
216 137
219 242
56 254
434 380
168 390
431 115
43 402
95 277
202 352
168 246
114 70
484 273
119 102
13 51
469 241
50 354
418 431
366 177
408 12
235 106
281 20
262 267
467 27
215 155
326 154
391 426
151 336
472 156
167 228
84 375
405 178
219 143
439 403
122 236
384 136
246 147
222 322
250 223
195 431
226 424
113 386
76 83
435 216
437 56
456 345
283 121
237 77
476 278
6 473
238 324
170 237
499 353
421 87
258 287
241 351
407 110
31 320
133 242
424 340
1 122
437 192
113 413
227 401
376 430
232 338
339 436
147 338
14 246
172 271
344 200
218 25
385 296
180 65
164 388
306 306
360 484
91 322
121 133
45 484
408 423
272 247
338 320
72 153
99 252
464 396
376 280
6 479
63 19
109 462
49 158
34 123
438 473
429 266
493 38
436 410
260 468
52 177
61 137
201 210
394 415
0 278
482 85
356 272
111 308
314 46
481 274
109 408
255 223
307 89
169 484
427 104
476 107
317 234
204 136
498 387
109 478
215 403
101 169
37 128
240 495
461 99
76 469
489 287
202 116
14 329
314 259
391 197
389 244
59 210
353 209
348 474
6 367
41 448
368 232
371 454
98 465
204 346
321 104
202 115
64 417
309 230
461 30
379 45
124 43
389 362
381 96
61 377
41 481
498 124
445 483
133 187
278 155
418 143
83 436
322 478
114 18
110 68
294 281
102 330
337 374
258 191
468 284
202 347
170 377
38 8
159 436
370 339
198 76
485 355
484 201
217 67
209 84
102 483
283 251
43 112
400 233
413 332
109 145
42 499
199 455
42 291
109 234
427 460
485 442
98 419
483 420
110 236
471 199
444 459
153 370
285 62
315 306
21 16
228 143
440 194
371 169
234 401
324 443
373 186
128 352
128 212
381 85
278 188
420 148
450 468
5 191
488 50
310 161
189 42
28 95
85 358
17 457
166 119
484 139
306 100
377 208
302 329
339 224
444 81
82 139
267 467
65 110
366 212
354 188
300 90
149 63
295 400
294 142
39 356
311 128
406 438
249 415
157 359
197 470
269 91
450 199
422 285
357 188
42 470
431 442
364 229
339 218
76 63
204 162
22 279
324 86
384 98
232 240
497 434
297 63
345 317
35 120
406 352
294 469
19 395
158 279
371 241
491 76
353 111
271 147
276 431
258 478
477 54
231 157
50 116
497 317
453 328
188 346
297 431
174 422
418 399
410 358
159 268
202 205
441 16
161 238
334 167
188 125
96 285
163 78
16 361
159 476
487 405
314 178
221 436
147 5
225 144
257 177
141 383
6 220
398 471
308 322
339 2
284 37
100 307
242 310
180 444
72 242
374 369
70 87
81 277
454 257
436 323
288 219
384 480
149 133
277 245
15 150
94 494
5 497
300 396
29 447
123 16
318 315
16 100
260 254
10 459
123 144
479 77
17 74
19 285
143 470
177 71
223 381
495 493
485 302
248 130
216 409
470 210
303 31
342 416
257 54
316 296
292 465
38 322
335 448
70 341
299 113
374 299
55 290
333 76
29 161
5 205
103 491
323 494
89 451
156 285
72 64
280 278
18 90
376 374
244 102
349 252
16 447
427 299
264 204
480 46
252 415
50 110
237 184
90 324
45 52
446 14
14 25
288 156
305 420
108 354
144 386
425 389
334 168
169 412
182 390
218 393
245 72
413 428
481 64
317 356
350 118
253 126
484 172
484 284
189 166
40 497
318 436
411 151
298 300
349 378
31 21
168 104
230 420
166 381
3 354
87 174
176 208
138 398
447 276
463 202
455 33
304 161
488 322
439 19
412 87
356 399
134 146
188 370
444 433
54 234
479 436
230 386
158 291
383 114
97 296
464 416
292 454
269 352
66 14
29 24
198 416
14 384
371 217
177 478
72 467
125 140
94 72
128 346
369 168
50 333
272 364
443 111
346 88
235 476
42 124
374 337
312 384
305 193
87 129
139 467
447 249
408 219
75 240
340 240
232 163
89 78
64 340
194 162
276 372
46 106
211 221
101 334
453 158
435 318
75 225
389 327
324 202
267 240
331 301
230 279
372 339
42 376
4 353
336 479
322 458
149 490
284 369
9 418
312 470
123 95
432 465
70 430
450 136
261 140
392 495
297 152
202 334
58 405
296 175
210 149
302 177
156 128
309 131
50 383
452 354
465 202
454 302
75 310
176 216
327 21
118 187
26 139
417 61
208 330
438 194
62 461
88 370
173 452
72 307
73 166
305 200
297 149
290 186
202 54
315 408
116 101
451 369
112 90
285 91
489 176
327 484
203 396
397 248
162 439
314 214
121 92
327 89
445 172
191 209
331 6
353 6
173 91
429 434
389 431
6 274
271 46
15 335
392 282
450 486
421 366
194 193
493 170
97 283
136 181
456 431
243 127
105 312
386 484
111 320
201 70
293 424
143 446
389 444
280 305
285 342
12 236
373 248
2 479
254 394
441 422
57 41
86 145
395 423
42 260
297 0
488 328
346 240
497 57
311 134
192 419
422 55
26 159
151 147
137 154
134 453
260 94
473 321
84 399
126 341
437 300
360 261
144 19
457 281
257 230
480 128
421 346
174 134
427 279
55 270
79 325
376 374
414 173
83 376
36 104
364 345
167 30
341 376
157 68
277 28
152 399
495 222
49 32
6 268
387 358
285 204
412 96
168 376
250 460
392 242
484 351
433 230
477 129
441 441
397 59
421 91
215 61
121 354
190 331
205 265
57 314
315 428
312 113
49 365
383 433
332 284
483 174
202 394
183 413
455 214
269 314
159 157
11 307
227 114
249 417
180 28
57 282
413 408
72 55
191 152
80 488
486 477
463 394
78 354
360 437
262 228
4 276
413 53
216 289
328 358
213 91
297 0
320 430
185 409
248 51
496 58
310 405
38 320
229 411
404 245
300 287
479 280
328 294
219 46
245 190
190 437
399 162
443 366
29 5
31 254
119 363
441 243
77 81
84 22
119 110
106 258
447 43
210 235
175 177
0 357
397 480
101 28
126 388
345 333
458 485
111 210
57 129
112 139
325 196
465 89
71 139
273 441
147 472
222 25
449 21
52 401
111 108
331 394
319 401
322 318
272 343
149 311
475 387
280 38
128 195
346 324
33 458
177 330
399 406
48 119
54 53
354 139
443 441
394 222
118 334
199 54
419 411
68 104
494 7
8 263
311 434
402 118
405 421
161 403
238 381
134 446
361 106
370 181
335 420
312 435
427 415
391 281
494 13
93 84
369 433
492 482
347 373
408 145
70 142
75 221
308 43
18 193
5 322
310 89
473 236
348 359
290 8
321 265
119 478
264 471
229 222
439 12
313 147
45 358
406 448
102 411
141 445
478 129
379 0
13 388
203 3
163 251
206 440
362 32
293 372
169 176
281 31
439 481
452 321
2 73
302 15
63 148
143 132
438 319
469 339
217 397
40 484
383 132
124 390
129 374
2 433
486 309
170 459
17 357
158 318
405 105
42 413
363 246
12 483
248 314
198 120
204 345
409 76
119 498
405 58
332 443
238 283
15 97
92 81
192 298
82 385
208 218
356 237
100 184
351 127
296 93
80 353
72 104
371 448
123 128
486 19
56 240
121 82
297 415
24 321
158 60
122 425
368 214
491 30
363 366
379 447
418 25
492 96
50 448
210 152
220 148
170 132
197 478
192 296
181 146
75 148
223 130
423 353
455 9
282 7
316 90
325 314
264 57
380 219
454 85
491 320
214 476
418 45
439 71
345 330
491 146
98 363
196 45
437 31
277 98
37 425
472 62
494 369
162 165
316 207
175 277
335 199
217 274
199 150
344 96
7 336
228 93
137 320
262 40
302 303
198 364
236 65
65 40
368 198
47 450
158 203
171 226
104 43
337 2
197 275
110 83
344 70
481 302
259 411
437 330
48 186
496 388
206 428
256 328
319 388
327 456
156 364
27 408
84 314
189 191
55 493
177 47
496 205
145 411
113 468
221 420
282 381
316 443
193 80
181 96
229 225
380 83
374 276
453 88
289 90
216 407
196 450
274 396
34 355
93 373
424 182
299 287
344 492
213 85
382 455
401 154
491 439
111 382
332 130
468 177
20 346
438 3
58 417
60 352
454 406
448 219
85 384
195 270
109 416
191 148
218 47
286 350
239 375
315 314
166 390
202 247
43 2
335 414
151 318
178 179
12 50
498 341
97 263
221 184
494 299
266 279
188 133
374 74
387 205
319 49
166 139
