453 278
268 182
402 32
190 442
418 209
428 320
354 362
358 48
148 423
407 457
312 176
221 29
170 45
232 320
227 387
22 205
27 247
366 177
400 385
424 227
50 7
99 496
45 431
372 60
210 437
212 456
80 101
348 157
485 362
447 212
257 287
288 389
76 86
234 284
223 489
202 194
390 280
484 213
244 319
293 487
466 63
418 107
131 185
103 211
477 218
360 128
9 285
312 381
249 359
340 318
239 33
338 75
8 59
319 159
166 428
210 283
372 421
76 262
291 58
160 109
59 224
27 398
248 319
376 155
221 277
220 434
281 244
91 306
16 19
244 310
168 290
376 129
426 231
420 493
115 319
158 217
491 134
87 293
320 321
198 333
54 75
443 121
233 237
200 240
254 236
84 95
142 450
74 295
470 312
206 259
287 117
234 363
262 132
354 88
202 487
400 259
198 342
118 222
335 203
155 369
231 276
398 165
340 320
65 427
159 83
354 9
277 469
105 196
28 233
55 355
48 425
193 379
482 200
300 245
55 490
315 266
23 13
201 105
108 263
495 266
294 311
160 348
157 109
84 132
186 430
314 140
476 421
480 293
189 131
382 283
176 444
232 283
355 241
232 19
53 78
49 287
108 268
72 159
489 152
476 438
471 266
395 197
135 124
248 264
216 278
236 299
487 317
121 413
411 440
295 153
235 436
371 159
184 28
397 181
32 274
183 221
391 97
458 87
288 482
266 353
134 217
116 336
178 324
215 17
341 47
446 444
475 145
399 11
380 238
491 188
232 254
198 466
127 497
98 14
367 159
229 63
289 490
465 281
378 364
495 34
202 260
263 226
283 461
398 337
221 309
451 148
349 471
136 154
104 291
345 298
427 395
1 440
463 31
341 490
168 219
261 68
456 114
278 313
255 269
49 397
27 228
381 139
199 94
461 12
94 382
40 377
343 470
122 485
406 344
240 220
282 33
254 359
489 242
222 81
426 183
450 166
37 63
171 108
417 482
42 100
316 142
216 204
130 75
120 104
160 287
385 84
222 186
478 256
309 89
406 439
102 288
313 393
357 368
41 466
18 67
196 67
179 319
229 399
165 100
45 189
476 202
482 491
189 479
105 336
323 123
420 461
291 482
189 323
142 314
402 417
43 277
320 237
358 491
481 317
121 29
302 197
32 64
473 103
167 62
311 40
139 102
162 402
134 25
91 414
418 223
76 208
261 337
487 325
296 227
421 169
219 71
452 85
203 350
491 164
444 60
202 366
221 231
432 457
312 293
390 173
195 432
278 221
318 220
230 180
174 374
266 495
149 54
209 299
299 173
17 325
238 393
223 486
270 26
376 246
337 188
212 432
175 394
474 151
116 119
224 49
88 104
221 485
44 427
55 445
423 92
371 369
422 237
450 490
58 109
362 92
299 16
292 2
471 360
352 378
232 434
373 82
460 415
447 119
355 77
288 415
193 147
264 368
23 210
196 344
374 498
268 83
286 412
161 311
161 363
289 469
21 343
104 327
165 77
104 151
299 168
21 356
285 152
469 177
244 323
307 192
394 439
489 49
345 448
207 269
449 51
225 53
204 390
222 419
270 218
53 136
109 410
480 114
84 163
476 366
123 124
334 312
495 135
398 32
331 417
483 143
288 34
103 483
186 456
459 16
467 192
125 49
227 369
474 193
494 66
38 15
156 271
183 88
458 445
93 151
101 210
169 63
312 217
372 267
449 62
26 115
302 379
120 256
304 215
221 162
396 361
395 195
215 173
194 405
264 481
138 459
480 110
399 321
477 104
460 396
180 411
77 245
401 327
56 58
124 202
34 448
494 5
208 243
484 270
73 321
185 118
5 318
169 317
265 423
150 222
446 247
453 270
419 114
57 339
440 249
57 30
114 236
386 413
342 50
174 153
448 217
15 318
72 198
115 47
45 454
398 40
283 209
66 425
121 405
55 217
314 495
195 200
234 475
108 14
13 304
222 150
484 291
240 322
237 486
178 318
21 303
392 98
360 306
442 176
450 13
211 4
410 462
258 398
119 138
128 33
449 401
358 329
425 478
156 86
19 371
353 358
441 414
481 245
82 406
466 115
324 119
151 343
206 268
412 333
54 265
39 138
390 465
190 12
463 191
306 247
393 472
315 94
177 101
335 109
201 127
46 297
228 165
179 469
10 459
33 342
477 242
57 391
172 349
453 368
423 198
493 365
436 102
150 227
265 220
337 369
499 358
184 294
114 27
251 295
491 153
320 285
438 95
490 198
373 216
369 38
38 156
462 74
406 369
109 134
46 145
414 326
151 166
229 443
358 234
292 100
255 326
15 105
363 293
480 241
87 292
397 140
440 440
494 43
208 234
497 51
389 438
355 317
79 422
433 98
276 201
364 62
497 71
233 396
297 295
359 441
78 35
354 89
354 356
31 432
147 468
120 57
70 54
496 84
259 193
481 450
178 145
144 157
468 177
139 104
434 435
252 17
242 326
172 486
106 185
183 35
63 372
164 117
217 374
323 244
291 433
249 477
208 281
174 451
2 192
159 373
33 101
452 383
50 376
41 120
79 226
402 24
23 436
429 476
481 398
32 374
269 420
161 312
390 81
34 368
87 245
369 468
170 55
314 71
8 285
221 295
122 414
265 362
432 249
151 278
278 424
121 177
184 33
493 422
200 43
13 215
400 356
490 84
38 328
289 138
113 73
473 126
38 36
396 475
285 286
276 156
378 19
382 383
483 159
100 431
338 346
182 104
49 277
304 405
183 347
160 181
419 211
27 126
412 403
466 369
164 362
284 3
410 299
171 69
214 348
357 451
474 164
265 439
360 50
139 146
30 261
393 79
4 38
269 3
199 118
85 365
264 431
44 330
168 343
423 55
217 322
358 375
72 234
396 112
330 266
185 130
3 161
279 35
86 162
468 449
273 452
52 153
225 376
238 183
387 419
447 345
239 66
171 81
110 333
85 131
225 153
146 424
296 18
474 71
82 370
449 493
234 286
333 486
381 69
410 421
23 386
424 79
137 26
470 10
266 77
333 43
307 33
95 486
314 263
124 87
268 209
248 325
492 224
82 321
203 36
145 197
308 370
200 350
83 26
475 280
278 335
71 236
58 336
371 376
82 431
432 95
145 179
143 491
144 239
72 121
173 387
437 406
91 357
141 488
291 176
328 435
482 359
150 478
192 284
39 278
415 480
270 352
97 405
309 385
162 472
154 192
435 66
323 136
493 297
120 304
89 458
371 330
111 447
278 360
175 63
296 121
496 13
469 82
444 216
422 160
197 24
135 198
293 67
27 34
445 66
412 488
102 442
318 317
412 344
78 437
419 68
352 233
166 423
63 219
280 408
47 13
30 272
462 91
492 126
182 159
15 86
340 292
217 335
298 496
283 201
478 379
218 219
117 308
399 265
359 235
133 455
130 430
276 35
426 243
142 5
281 486
216 182
438 87
29 304
325 157
120 67
19 250
402 319
71 40
186 281
122 77
398 243
104 196
122 404
275 244
479 231
415 60
150 53
341 391
220 440
224 456
225 134
84 46
424 135
296 104
266 201
402 338
132 150
98 88
259 358
433 489
79 236
92 17
339 441
173 271
310 40
359 374
221 370
91 365
225 300
303 93
462 470
197 362
207 463
356 191
347 407
296 14
366 314
154 302
123 435
377 44
364 105
31 414
338 58
37 116
211 53
274 325
470 188
44 420
178 181
138 362
173 98
221 344
364 486
382 193
72 73
291 173
292 423
328 470
449 364
114 463
220 396
334 322
278 305
143 468
76 12
203 187
9 315
281 54
26 352
91 465
329 143
96 168
368 3
291 165
323 260
121 425
461 103
156 460
456 407
359 174
333 437
342 4
497 194
336 265
214 469
396 374
407 498
483 160
166 379
56 205
311 23
196 250
161 41
429 413
404 301
124 227
296 368
124 10
486 336
367 211
132 335
376 59
204 145
347 471
111 472
382 128
80 1
302 482
353 161
205 280
454 69
493 441
362 137
50 45
78 369
48 446
262 199
81 240
495 266
2 207
492 98
266 449
412 98
62 422
39 322
335 117
373 388
170 318
425 193
326 469
341 98
311 0
60 478
262 151
430 192
328 406
302 113
80 335
67 50
281 148
31 312
435 2
181 259
493 319
317 270
484 342
19 245
3 223
274 302
495 117
162 462
327 334
163 255
24 433
77 217
2 71
66 239
152 129
273 80
143 181
407 251
152 223
423 216
252 182
205 415
477 331
489 24
41 308
134 402
73 239
270 359
56 143
343 492
90 371
223 436
408 177
489 111
428 462
177 219
468 121
19 221
109 441
281 246
284 434
65 471
379 110
82 494
440 140
9 12
117 38
264 350
379 335
250 170
399 302
48 133
130 229
49 132
165 71
487 366
261 138
105 265
208 249
16 248
417 347
336 339
420 195
198 469
53 498
366 7
423 251
456 339
496 27
274 222
368 495
312 30
321 210
47 94
343 290
356 358
292 441
15 402
405 138
415 369
142 475
83 317
388 394
248 188
344 148
294 443
105 343
371 475
