1, 73.4124984741211, 73.23933378894472, 72.94727308815597, 70.9577129715781, 71.33610432529838, 75.44061808341793, 77.24503422840958, 77.51878573309305
2, 73.4124984741211, 73.93940898828454, 78.28910166845611, 81.61191182077575, 81.79601019331355, 82.85491997372878, 79.2221376119918, 76.23031879525296
3, 73.4124984741211, 69.3776588058518, 71.30345681691763, 70.23039355667001, 66.7932190718295, 64.28051119788182, 62.42972660755061, 63.695297546795565
4, 73.4124984741211, 73.56295028038983, 74.32571564211831, 75.02712621665282, 80.8174646939917, 80.49225806064464, 82.66237967709903, 85.45911231964696
5, 73.4124984741211, 70.0843957769507, 70.11512694426445, 70.16775036338193, 70.65324116335798, 72.97037109155832, 71.54471136581364, 73.39830398082833
6, 73.4124984741211, 71.51090471550373, 68.72200217605125, 67.66703687185104, 69.83836931498742, 72.5926348030801, 76.54197053391968, 77.21893069183989
7, 73.4124984741211, 70.85381767444188, 72.08046560368346, 72.81240374025262, 72.49223677734618, 74.6045000770122, 77.24831300322369, 75.52727266857676
8, 73.4124984741211, 70.43724227529057, 70.44774014710605, 70.23831647178599, 73.03800020736836, 77.58287850397394, 79.28416081930274, 78.24289454442754
9, 73.4124984741211, 73.7480047343129, 73.52861517813015, 77.1061186998388, 75.10854864927721, 73.63751328156535, 72.41199854695692, 69.5871886577457
10, 73.4124984741211, 72.84646141998994, 75.71382365719735, 75.2803178771406, 74.80193550611011, 75.20406857469206, 77.99007572591923, 80.79296113380781
11, 73.4124984741211, 77.36087088253495, 81.9637648662049, 81.93745070033584, 81.53473831429909, 82.04971296200227, 82.78131469738543, 82.73161541990417
12, 73.4124984741211, 72.9325801498948, 74.79495023975554, 77.12652061751731, 75.08043947966789, 74.5846859660785, 76.81354591885399, 76.96540680776343
13, 73.4124984741211, 69.04819093972874, 67.85939525991849, 68.86792365685308, 67.54349545827752, 68.01150155271576, 67.1387607083803, 67.5145044546409
14, 73.4124984741211, 79.07577904891826, 81.30633566927374, 81.63423334446455, 81.42878944836333, 81.8008931041381, 82.75964520829935, 80.49347450815698
15, 73.4124984741211, 70.7448275048757, 71.47315115041438, 71.4150956603749, 71.95505775006166, 74.01482783222146, 74.56985398474643, 72.53509036248455
16, 73.4124984741211, 71.5654128390315, 67.89102660032113, 66.23231274523962, 65.34609781549555, 65.359353535346, 64.23570370247718, 65.23416357509646
17, 73.4124984741211, 70.996281908814, 71.4859534201819, 72.19172864094493, 71.52270385017738, 70.4937330784037, 70.34948201109003, 66.60193058444095
18, 73.4124984741211, 75.08185123097775, 78.89973747246304, 78.96455711672893, 78.56280206238273, 74.93470390142959, 76.42665195373705, 72.35042861547153
19, 73.4124984741211, 71.85947723505183, 70.29523766405751, 72.36035551192519, 73.89577825640723, 76.15679313014701, 79.66185239891023, 77.08574169976336
20, 73.4124984741211, 70.95153505892047, 73.6244379139488, 71.19458476416793, 74.37191182832352, 75.18746836629143, 73.1333359399193, 74.19096025664194
21, 73.4124984741211, 76.844628687481, 77.83716214412753, 77.93782191937623, 78.34717463331886, 78.70064188529139, 78.4041642935331, 76.26656557804918
22, 73.4124984741211, 77.24110135720498, 74.74305588686681, 71.73522893427744, 73.3546242093148, 72.93058474725929, 71.38819195199397, 71.67985044866616
23, 73.4124984741211, 77.05406018560407, 75.51225265610108, 79.89104120200535, 81.03409803855558, 82.15820316480335, 80.797190426565, 81.99162184609769
24, 73.4124984741211, 71.58399045320054, 70.31397189439538, 70.77949566667097, 71.65530929436547, 72.300491936428, 71.88996197262115, 71.62416402916399
25, 73.4124984741211, 73.3954009412018, 72.40084424643092, 74.95160268583713, 74.06403461047607, 76.42892121696273, 75.01391327132579, 75.78961515490782
26, 73.4124984741211, 73.1388927002231, 70.87406164212126, 70.8234856045049, 69.85809113366723, 68.87276126848035, 68.98792739901975, 73.53133919778307
27, 73.4124984741211, 76.09115616136076, 75.24227047967581, 70.13206705675043, 70.51891984760422, 70.32285237162425, 70.65804881478921, 69.7776820328018
28, 73.4124984741211, 77.2751162343574, 77.61459245351995, 73.2442613885148, 71.1172196643631, 73.37104148568848, 72.55695983979165, 71.02677483588731
29, 73.4124984741211, 76.32370906545408, 76.00860077736976, 79.09375794869347, 80.44262299490154, 77.87950711252617, 76.14303713917002, 74.72172130376069
30, 73.4124984741211, 72.88759565907296, 73.78892451126163, 73.93698595407703, 73.01749499850315, 72.25937485347472, 70.45807084540738, 71.79936287035467
31, 73.4124984741211, 75.50037387827473, 76.00092718613608, 79.27981676974134, 79.77956330666363, 75.649288062463, 78.62583109797743, 75.14701825713364
32, 73.4124984741211, 74.1358175083481, 74.8073123181032, 77.68269128390139, 77.36245557840543, 79.1997969502242, 78.08440629044007, 80.22947673165626
33, 73.4124984741211, 75.20102481760101, 75.12296246772318, 74.83043308427422, 77.83119424537038, 76.12681064451007, 77.6905135024132, 78.31744369472935
34, 73.4124984741211, 74.39563939186111, 74.2617143662802, 71.30202587459421, 69.19343762683994, 71.26925110212433, 69.60565297918612, 67.77767100062691
35, 73.4124984741211, 73.13885536646814, 74.8388534055099, 69.00541085718724, 71.18127048182394, 73.27505909761184, 73.76863189431377, 78.73284711098877
36, 73.4124984741211, 72.81598021792365, 74.90469815146047, 76.5588962822165, 77.08379445339254, 74.83791727902116, 76.62110071548697, 77.91623552664684
37, 73.4124984741211, 73.54263695435266, 72.26954481180694, 71.32660247230235, 73.38234413681334, 74.0455403792201, 74.42065406573838, 74.76139965500839
38, 73.4124984741211, 69.20328263671549, 67.33480345865864, 67.18814712095478, 69.23335990899213, 70.38945253191267, 67.56501888221817, 67.1895669545272
39, 73.4124984741211, 71.02698946909643, 69.72538683353734, 68.94694384745024, 68.62428957116707, 68.6618628664629, 72.9715522826438, 70.08262925761426
40, 73.4124984741211, 71.69671359273885, 70.02137462518915, 69.47700658434289, 69.13541027351968, 68.44734243874873, 73.19146405699587, 73.58055159339524
41, 73.4124984741211, 72.14229720771965, 72.24879621704326, 73.80601346201544, 78.07913449819944, 79.24622885199653, 81.59662539695267, 83.20197459860472
42, 73.4124984741211, 71.97766776539981, 76.09799894972298, 75.4318233988801, 77.40233538358348, 77.75163259149133, 78.38227843417695, 78.77337447474956
43, 73.4124984741211, 71.13029689470667, 71.40655810157432, 71.10136303324612, 67.4806502225439, 64.5454638239067, 61.688130903543026, 62.95458230208251
44, 73.4124984741211, 74.49935370839395, 73.32261668780994, 70.04543346149309, 70.22077133051053, 71.96002495236, 74.48775660153528, 78.30169892526553
45, 73.4124984741211, 74.03911125367839, 72.2075162944454, 74.20404033702587, 71.64753654017886, 73.48151887632255, 77.59605533718437, 73.00906155198142
46, 73.4124984741211, 74.13233365288427, 70.41112910218942, 70.40389016525798, 68.91827143994584, 67.89673489334967, 65.77801809129653, 69.86031640623393
47, 73.4124984741211, 76.71893241896905, 76.92060454767122, 78.46646839778977, 77.8357397087072, 73.84581215699164, 72.92465371720246, 76.07202431547937
48, 73.4124984741211, 74.02266108132243, 76.25052224728645, 80.34233551757772, 78.66169355076268, 80.67980139758845, 80.042487453333, 86.43789054253654
49, 73.4124984741211, 78.33500687097657, 78.278553758674, 75.5301974511084, 71.23249184135975, 73.53894762296751, 79.26141452555717, 80.77567043133857
50, 73.4124984741211, 73.99369576705556, 74.0611883196274, 70.63294695445359, 71.30502344843154, 70.74593411286362, 69.48011562141025, 68.6742990928751
51, 73.4124984741211, 72.8641461989724, 75.26113488738267, 75.63066570862115, 76.55082888702026, 72.01794495674798, 70.70600823253126, 68.96939874049514
52, 73.4124984741211, 75.46359412837253, 74.74234934890359, 71.19606234378715, 70.4742674570249, 71.57908438856623, 72.63939679471193, 72.9962029459454
53, 73.4124984741211, 74.87119145413445, 74.50826234821275, 73.30669824913335, 73.87871369674956, 76.65093211989041, 74.99225213710426, 74.63276326682731
54, 73.4124984741211, 73.31228891361421, 76.20787979430959, 73.17393445899384, 73.8951391198563, 78.37332074505656, 77.90690308858636, 77.38102740103585
55, 73.4124984741211, 71.49062096627316, 71.25918847155248, 72.45756260489311, 72.48788449636352, 72.0497306654519, 71.15955534127092, 71.06711445820552
56, 73.4124984741211, 72.76440429170675, 72.12476796993958, 71.9639714828305, 72.99417928707896, 71.28292733470782, 75.31903360867761, 74.33428732302758
57, 73.4124984741211, 69.0357386091156, 70.03912294475727, 71.67608307362235, 73.46865236210037, 69.67997969340264, 70.14155816475066, 71.6201819956569
58, 73.4124984741211, 76.3575487721512, 74.81545010110082, 80.8350281592673, 80.12157237797942, 79.46001019939119, 83.88155742970397, 84.82817089949232
59, 73.4124984741211, 73.88811431435897, 69.82176468366974, 68.28134485537203, 68.9788046186098, 70.64425484245058, 67.77529350093731, 70.0510161550951
60, 73.4124984741211, 72.03242700009623, 72.50251643594423, 76.9151819652197, 73.05036497019277, 71.97826321791621, 71.61348321290575, 68.68334537799134
61, 73.4124984741211, 73.02592877491341, 72.92458584902207, 72.5685368940662, 71.66894086062987, 74.14092921155164, 76.50284154154767, 79.01596791062755
62, 73.4124984741211, 79.17744845763599, 76.46352862298802, 75.48058138386374, 73.29115113234347, 69.89264451236257, 73.07915900925596, 72.75444724026165
63, 73.4124984741211, 72.37323192745635, 74.11112749470347, 74.39320200319587, 77.73375054343207, 74.87197997623964, 74.47588284427968, 79.12013505938143
64, 73.4124984741211, 72.97808938836519, 76.88350903174488, 78.8874519012685, 78.60301838686611, 81.59241052794407, 78.9638166456477, 76.90332821422356
65, 73.4124984741211, 73.4703395909386, 72.07909736721797, 68.86641507993193, 69.54781775956234, 70.36652654778665, 71.02878831123351, 71.8869211937912
66, 73.4124984741211, 71.81161738080112, 71.05396513054131, 69.87783324308236, 67.61560212787444, 65.7467028019738, 66.70265488915574, 66.22229559619828
67, 73.4124984741211, 74.21642742428834, 74.0846865511889, 76.88995687031941, 77.85571522426245, 75.49064078964959, 74.61531238118796, 74.92261443681798
68, 73.4124984741211, 73.13941965799195, 74.11137553482645, 77.40722008428094, 76.04100921081617, 76.31335989696262, 75.42624566509569, 77.5046851489838
69, 73.4124984741211, 71.34152863282812, 71.09383228151785, 71.08152535032073, 72.16794550417369, 72.3615733534729, 73.01415660823392, 72.28373981375907
70, 73.4124984741211, 73.71784676313158, 73.77810677196061, 76.63020936159182, 73.14738356821714, 72.26184861227603, 74.38414742715915, 76.65297558084222
71, 73.4124984741211, 74.7403747585585, 75.95301961029082, 77.10421106543389, 73.87931536980203, 73.95303739265974, 74.06793755242624, 72.96484441866795
72, 73.4124984741211, 70.49992142416912, 69.08800565161624, 67.48883283903312, 70.55409282029194, 66.60628990281614, 70.02814687873067, 68.73325400940108
73, 73.4124984741211, 73.32992636124327, 76.64986584653664, 78.16751006088968, 81.62255112181931, 81.25870345807823, 82.2644619714547, 82.12561191556742
74, 73.4124984741211, 74.00853388988581, 71.92475867899478, 72.57712255221793, 73.74621884893754, 72.51492082652176, 70.59886118574454, 70.8240016451794
75, 73.4124984741211, 70.90905269359831, 73.93538549550706, 75.19725618476252, 72.54294866982336, 70.00228723429862, 70.65993822545578, 73.0689519248728
76, 73.4124984741211, 73.36090514013414, 71.5000022624225, 71.83094228476698, 68.30984866690515, 67.46577609001609, 64.33612930268656, 67.11237264998456
77, 73.4124984741211, 73.59818352370868, 76.67414316298888, 75.85789283885431, 78.98582671423964, 77.32807691215845, 79.55791976395619, 76.76691495803645
78, 73.4124984741211, 72.92088339370366, 77.54255084670834, 79.76832443335847, 78.14158017662218, 80.60960124929528, 79.43600157065987, 79.4058030104497
79, 73.4124984741211, 78.02373838951817, 79.89117209263453, 76.94677080114165, 78.4467847269766, 78.72900673772813, 78.2340683307485, 72.78867012006643
80, 73.4124984741211, 75.40516383075546, 76.6384843294204, 77.43548695374531, 79.20175841327642, 78.98732323977326, 79.155468871927, 74.11040087437371
81, 73.4124984741211, 77.20506358506775, 75.7350743322255, 76.99173273271775, 77.65273655655561, 73.33621573385868, 73.38762417935705, 74.16427567854147
82, 73.4124984741211, 71.75606982522349, 69.96229172020301, 72.49622575727764, 72.37748567460493, 69.50508248708186, 67.8495415589095, 69.38227597445506
83, 73.4124984741211, 69.60479509543806, 71.70714426081142, 68.9088877622946, 70.52184358652792, 72.60287356564417, 70.35951400536712, 69.02053064337359
84, 73.4124984741211, 71.91135065396661, 71.5772120298031, 74.24539127471249, 73.00226101353411, 72.53774946202556, 76.3392124790675, 74.12146078217513
85, 73.4124984741211, 73.51962696017709, 73.96315350197901, 71.1595145519185, 71.29312747191594, 72.92632220293338, 74.08345799226693, 73.75316020905503
86, 73.4124984741211, 72.31206548365464, 74.17418836113445, 71.08908208834067, 73.23456516992404, 72.11728224078871, 71.12102767346836, 71.67760125172053
87, 73.4124984741211, 77.563025790487, 78.6820849545688, 78.44836457880008, 78.2951770333522, 75.02227039209971, 79.10973310007941, 79.07820676214115
88, 73.4124984741211, 75.13411596635223, 74.29556423509236, 71.47224117695448, 71.06492667114166, 69.37355250879607, 71.92875948007301, 68.79322339899346
89, 73.4124984741211, 74.38893627979935, 74.06731392571572, 73.96034545701488, 75.18038297244787, 71.25203988785255, 68.08621706463731, 66.45093285076952
90, 73.4124984741211, 76.19253893668781, 75.75067410697137, 75.21307533979896, 74.58396670813579, 74.79374274665068, 78.83040310788425, 76.69626793599537
91, 73.4124984741211, 72.90874900483675, 73.45620266246947, 79.13482119165172, 77.62308032309615, 75.03168644486156, 74.50836313906223, 73.63801620482658
92, 73.4124984741211, 75.80731629138506, 76.95507153443121, 76.2398434546022, 73.95165996176472, 72.624334298253, 74.63383629933271, 76.78186067989583
93, 73.4124984741211, 73.81262076137327, 74.67859446119469, 75.37947756119456, 72.27784733476038, 71.63713481890112, 71.37658358178811, 71.20282576023904
94, 73.4124984741211, 75.89402983624755, 78.88154159178696, 75.58013400622016, 77.55470723193076, 73.24209233416273, 70.88992535453538, 71.5511373134864
95, 73.4124984741211, 77.7055083371534, 78.56966265104803, 79.07542190365926, 79.80175568337626, 76.13255943349012, 75.48224227207201, 73.94083265729502
96, 73.4124984741211, 76.40019872500088, 77.95422234396402, 77.79423994528752, 75.88860475713496, 74.76539817149487, 80.35506142008482, 79.70017968673265
97, 73.4124984741211, 73.43486635883589, 72.29625269170606, 72.92470691120185, 71.33447626064364, 69.31379459454811, 69.91664799701448, 71.7119653005118
98, 73.4124984741211, 76.97276449518938, 76.93731291013076, 77.62884098614693, 74.1749315196061, 74.71728173280063, 73.34759412906662, 74.02287769485497
99, 73.4124984741211, 74.96145251612965, 76.70076031900972, 77.17710201874688, 76.05913522170042, 74.53270056405823, 74.23395382492231, 72.76408369358397
100, 73.4124984741211, 73.63134127196027, 76.77145749602367, 74.13981068358882, 75.55492133036103, 75.90997065919126, 75.66792510126777, 75.33475381930896
