1.17 2.46
1.09 3.79
1.78 1.00
1.60 3.83
1.07 3.49
1.57 1.53
1.17 0.26
1.74 1.79
1.96 3.10
1.51 2.61
1.03 1.27
1.70 2.55
1.18 2.63
1.90 2.01
1.17 1.66
1.75 0.94
1.71 3.52
1.16 0.80
1.97 3.28
1.29 3.95
1.85 2.69
1.24 1.55
1.95 2.93
1.91 0.35
1.26 1.08
1.58 2.09
1.16 1.58
1.63 0.99
1.92 2.49
1.15 3.95
1.02 1.39
1.98 1.47
1.07 2.68
1.20 3.47
1.67 3.27
1.96 1.09
1.00 2.29
2.00 2.65
1.43 1.66
1.71 1.98
1.22 1.96
1.87 1.12
1.02 2.28
1.36 0.79
1.52 0.23
1.27 1.15
1.21 3.35
1.95 0.16
1.33 3.03
1.52 0.38
1.52 3.64
1.86 1.99
1.74 0.54
1.25 2.16
1.13 2.29
1.45 1.61
1.89 3.12
1.74 1.51
1.76 2.68
1.48 0.41
1.13 3.30
1.68 2.04
1.84 0.84
1.64 0.36
1.24 1.04
1.90 3.69
1.03 3.36
1.41 2.04
1.06 0.67
1.01 2.43
1.88 0.96
1.61 1.17
1.05 1.33
1.92 3.59
1.05 2.64
1.89 1.99
1.51 3.14
1.28 3.19
1.37 1.96
1.98 3.89
1.62 2.19
1.78 0.92
1.23 3.07
1.27 1.04
1.90 2.14
1.83 3.38
1.28 0.58
1.77 0.55
1.50 3.49
1.42 0.66
1.12 3.46
1.94 1.08
1.39 2.26
1.19 2.78
1.66 2.97
1.35 1.49
1.71 0.10
1.56 1.17
1.51 3.36
1.08 3.03
1.49 0.55
1.91 3.28
1.72 0.66
1.73 2.85
1.10 3.01
1.41 1.60
1.36 3.12
1.27 2.34
1.68 1.73
1.74 0.98
1.87 1.13
1.70 2.58
1.52 2.94
1.10 1.14
1.79 0.83
1.27 0.20
1.90 1.92
1.02 3.91
1.08 0.74
1.46 3.83
1.17 1.62
1.84 1.21
1.63 0.81
1.15 3.28
1.98 3.89
1.67 3.21
1.15 1.45
1.30 1.09
1.54 3.37
1.86 0.90
1.52 3.93
1.21 3.05
1.86 1.93
1.17 1.31
1.96 0.53
1.53 3.74
1.15 0.67
1.60 1.96
1.38 2.72
1.92 0.16
1.44 0.75
1.59 0.26
1.26 3.54
1.07 2.69
1.93 3.24
1.14 0.32
1.18 0.71
1.06 2.02
1.90 3.73
1.18 2.71
1.64 3.67
1.50 0.43
1.64 3.91
1.38 0.16
1.21 2.13
1.22 3.65
1.02 2.70
1.90 3.79
1.37 1.03
1.08 1.97
1.90 1.19
1.43 3.00
1.28 1.54
1.40 1.09
1.53 1.71
1.92 2.26
1.89 0.71
1.74 1.04
1.84 2.05
1.84 0.98
1.27 3.93
1.51 2.05
1.24 0.08
1.13 1.22
1.92 0.11
1.01 2.34
1.58 1.65
1.17 3.73
1.84 2.71
1.01 1.18
1.36 1.28
1.69 0.25
1.51 0.80
1.18 0.65
1.21 2.29
1.45 0.95
1.24 0.20
1.21 2.87
1.01 1.08
1.58 1.52
1.46 1.55
1.65 2.75
1.40 2.03
1.70 1.74
1.63 0.16
1.74 0.07
1.88 3.32
1.24 1.47
1.17 0.90
1.14 1.70
1.95 3.94
1.89 0.48
1.42 3.95
1.37 1.77
1.30 1.61
1.95 2.81
1.58 2.71
1.15 1.98
1.69 0.59
1.84 3.95
1.44 0.64
1.87 0.06
1.75 2.37
1.37 0.71
1.19 2.90
1.85 3.93
1.42 0.23
1.61 3.00
1.39 3.14
1.99 0.99
1.78 0.55
1.18 2.32
1.47 2.50
1.78 1.40
1.71 0.48
1.19 3.30
1.72 1.99
1.12 0.69
1.03 1.92
1.22 2.00
1.66 1.58
1.53 1.27
1.62 0.21
1.34 2.34
1.01 3.63
1.52 1.47
1.94 2.99
1.86 1.84
1.76 3.31
1.00 2.50
1.07 1.26
1.38 2.86
1.50 2.87
1.66 0.99
1.76 2.03
1.51 2.31
1.89 0.95
1.77 1.72
1.77 1.36
1.74 3.17
1.08 1.92
1.99 0.20
1.29 3.46
1.09 2.78
1.56 3.29
1.22 2.68
1.85 0.10
1.23 2.00
1.19 3.54
1.49 0.05
1.97 3.31
1.49 1.59
1.16 1.20
1.25 2.26
1.08 2.22
1.20 1.20
1.79 1.57
1.28 0.40
1.76 3.04
1.98 0.76
1.17 0.32
1.92 2.73
1.83 0.07
1.43 2.51
1.53 2.61
1.15 0.33
1.88 2.87
1.66 0.24
1.77 1.43
1.76 2.27
1.63 3.66
1.37 0.62
1.67 0.24
1.82 1.78
1.22 1.34
1.34 1.52
1.23 3.00
1.59 0.74
1.33 1.78
1.31 2.25
1.60 3.11
1.06 0.79
1.45 1.78
1.43 0.16
1.48 0.20
1.07 1.93
1.15 2.91
1.74 2.58
1.38 0.80
1.20 2.20
1.92 1.51
1.20 1.18
1.18 3.75
1.12 3.63
1.88 3.70
1.47 2.45
1.50 3.42
1.95 2.30
1.39 3.20
1.40 1.20
1.37 2.59
1.48 3.87
1.37 0.34
1.07 0.78
1.26 2.13
1.32 0.74
1.96 1.01
1.83 3.43
1.48 1.06
1.44 3.55
1.05 1.47
1.78 1.70
1.06 2.10
1.04 0.25
1.40 1.00
1.66 2.10
1.12 1.45
1.48 3.64
1.96 3.89
1.04 3.46
1.84 1.03
1.29 2.60
1.64 0.11
1.83 1.04
1.72 0.63
1.60 0.84
1.10 0.58
1.86 2.23
1.94 1.50
1.27 1.50
1.02 1.18
1.07 1.50
1.12 1.16
1.18 1.46
1.99 2.21
1.43 3.43
1.56 3.19
1.36 1.58
1.07 0.09
1.88 2.34
1.02 0.59
1.77 0.74
1.75 3.75
1.15 0.48
1.67 0.98
1.29 2.90
1.38 0.10
1.68 1.20
1.16 3.69
1.03 2.68
1.14 1.80
1.50 3.80
1.50 0.83
1.60 1.02
1.00 2.86
1.99 0.25
1.71 1.19
1.49 3.07
1.58 2.05
1.98 1.45
1.43 1.67
1.42 2.28
1.54 3.78
1.36 2.97
1.70 1.45
1.13 0.20
1.96 3.93
1.22 1.71
1.38 1.56
1.22 0.69
1.04 0.17
1.31 3.53
1.07 3.47
1.22 1.55
1.98 2.18
1.57 3.86
1.57 1.42
1.74 3.56
1.59 0.50
1.72 1.46
1.85 1.32
1.97 2.87
1.55 1.05
1.19 1.41
1.37 0.52
1.16 3.51
1.58 0.65
1.53 0.58
1.15 2.01
1.67 3.81
1.59 2.55
1.85 2.84
1.15 3.46
1.16 3.06
1.24 2.66
1.59 2.77
1.35 3.62
1.79 0.07
1.44 0.96
1.42 3.14
1.41 3.18
1.24 3.34
1.52 2.47
1.97 2.11
1.34 1.87
1.01 1.11
1.31 2.87
1.21 0.64
1.36 3.76
1.11 2.89
1.93 0.97
1.32 1.67
1.57 2.77
1.72 3.01
1.59 0.67
1.75 3.75
1.77 2.96
1.61 0.16
1.18 0.51
1.25 2.30
1.40 3.11
1.33 2.44
1.33 0.03
1.96 1.03
1.63 2.35
1.97 0.23
1.04 0.36
1.71 0.65
1.43 2.83
1.88 1.07
1.08 1.91
1.42 3.39
1.30 1.67
1.90 1.57
1.77 3.91
1.87 2.64
1.19 1.77
1.33 1.62
1.79 1.99
1.17 1.01
1.37 1.26
1.04 0.87
1.12 0.56
1.94 1.86
1.78 3.90
1.37 0.31
1.87 1.69
1.41 3.93
1.96 1.14
1.44 0.25
1.74 1.18
1.20 0.11
1.79 0.77
1.86 1.49
1.21 1.55
1.73 1.28
1.26 0.94
1.53 3.25
1.08 2.25
1.59 2.87
1.44 1.84
1.42 1.73
1.73 3.73
1.39 0.51
1.55 1.79
1.89 2.01
1.40 0.61
1.60 3.93
1.41 0.54
1.88 3.03
1.78 0.63
1.49 1.08
1.54 2.27
1.10 2.86
1.72 3.04
1.09 1.58
1.79 0.82
1.31 3.90
1.76 0.81
1.18 1.55
1.17 3.49
1.97 1.19
2.00 3.84
1.41 0.55
1.69 3.24
1.62 1.72
1.18 3.34
1.89 0.49
1.99 0.95
1.23 1.91
1.09 0.97
1.09 0.67
1.29 3.39
1.73 1.74
1.76 1.87
1.63 1.58
1.36 3.21
1.87 2.88
1.98 1.96
1.66 3.76
1.43 3.40
1.86 3.25
1.20 3.20
1.98 2.61
1.59 1.01
1.41 3.87
1.77 1.64
1.22 2.00
1.62 3.69
1.86 2.54
1.45 2.34
1.30 3.83
1.76 2.22
1.61 2.08
1.03 3.03
1.71 0.76
2.00 2.49
1.68 2.69
1.84 2.96
1.09 3.63
1.85 1.98
1.31 0.78
1.37 3.18
1.66 0.77
1.54 2.68
1.82 1.16
1.01 3.71
1.23 3.41
1.63 2.64
1.24 0.39
1.52 0.41
1.13 1.37
1.53 1.42
1.54 3.43
1.33 3.29
1.96 3.66
1.51 0.30
1.05 0.01
1.35 0.12
1.20 3.42
1.77 0.46
1.90 3.07
1.62 0.21
1.52 1.16
1.64 1.42
1.99 1.60
1.59 0.08
1.94 3.50
1.24 3.14
1.37 2.24
1.78 3.29
1.67 3.74
1.83 1.05
1.76 2.30
1.87 2.65
1.53 1.64
1.88 2.60
1.35 1.62
1.17 2.13
1.31 2.99
1.65 3.64
1.69 2.90
1.82 0.06
1.28 3.52
1.24 1.39
1.40 2.84
1.29 2.02
1.11 3.80
1.51 1.81
1.50 3.10
1.11 1.71
1.04 2.53
1.02 3.79
1.02 3.79
1.33 0.63
1.65 3.33
1.32 0.78
1.77 1.05
1.56 1.83
1.52 0.68
1.22 1.50
1.17 2.81
1.53 0.75
1.99 0.03
1.77 0.10
1.49 3.58
1.51 0.67
1.34 2.71
1.08 3.41
1.68 0.04
1.11 3.78
1.04 0.45
1.52 1.80
1.79 1.79
1.20 1.14
1.86 3.08
1.66 2.24
1.37 1.19
1.36 0.78
1.55 3.54
1.99 1.98
1.03 1.12
1.31 3.19
1.46 3.89
1.64 3.52
1.11 0.96
1.85 3.40
1.35 2.98
1.81 3.45
1.76 0.22
1.97 2.16
1.63 2.26
1.66 0.90
1.10 1.44
1.35 2.14
1.63 0.97
1.92 0.85
1.94 1.45
1.55 2.62
1.49 2.08
1.50 0.67
1.73 2.30
1.41 0.88
1.71 2.89
1.38 1.12
1.89 3.46
1.51 3.66
1.51 3.21
1.33 3.53
1.06 3.29
1.58 2.48
1.03 2.29
1.77 2.49
1.18 3.52
1.02 0.20
1.87 3.10
1.24 2.41
1.22 3.39
1.37 2.50
1.67 2.16
1.46 3.78
1.65 1.91
2.00 2.59
2.00 0.98
1.65 1.53
1.11 2.42
1.58 2.39
1.71 3.86
1.21 0.20
1.29 3.94
1.55 2.85
1.06 3.47
1.12 0.11
1.30 3.26
1.13 1.35
1.70 2.38
1.12 1.81
1.76 1.22
1.91 1.43
1.86 1.51
1.49 0.14
1.44 1.61
1.81 3.94
1.30 2.63
1.28 0.20
1.24 3.10
1.05 3.51
1.85 3.32
1.71 2.60
1.41 1.98
1.85 2.20
1.26 1.36
1.31 2.91
1.25 0.35
1.05 2.62
1.92 1.09
1.73 3.93
1.51 3.52
1.32 0.77
1.02 0.34
1.65 1.53
1.25 2.31
1.53 1.24
1.39 3.14
1.21 0.84
1.51 3.66
1.83 3.86
1.18 0.19
1.07 3.96
1.15 1.33
1.74 1.61
1.81 2.68
1.92 2.20
1.61 3.74
1.05 0.08
1.25 1.81
1.62 3.21
1.68 3.69
1.40 1.63
1.71 2.52
1.79 0.15
1.37 3.33
1.96 2.81
1.30 2.08
1.75 2.99
1.29 0.08
1.40 0.31
1.96 1.53
1.11 0.11
1.23 1.29
1.67 2.13
1.32 0.07
1.78 1.69
1.92 2.76
1.51 3.48
1.88 0.37
1.87 3.73
1.13 3.02
1.88 1.10
1.13 3.02
1.75 1.49
1.06 2.63
1.03 3.04
1.75 2.95
1.46 1.60
1.47 0.04
1.02 0.26
1.21 2.67
1.70 1.95
1.51 3.28
1.54 3.60
1.45 1.16
1.48 2.17
1.83 1.81
1.78 3.12
1.05 3.40
1.31 3.54
1.89 3.15
1.27 0.72
1.47 2.57
1.42 3.84
1.29 3.57
1.74 0.05
1.11 2.89
1.07 3.38
1.08 3.49
1.19 3.62
1.01 1.63
1.55 0.15
1.30 3.87
1.78 3.02
1.52 2.36
1.53 1.44
1.28 2.70
1.66 3.00
1.69 1.13
1.72 1.44
1.54 3.74
1.97 0.55
1.54 3.84
1.96 3.64
1.10 3.88
1.44 0.41
1.64 3.77
1.27 2.97
1.32 3.15
1.76 3.88
1.75 2.30
1.03 2.65
1.13 2.32
1.04 2.48
1.04 1.10
1.91 0.45
1.37 0.02
1.01 3.45
1.90 0.83
1.11 2.21
1.67 1.47
1.24 0.32
1.05 3.13
1.45 3.84
1.36 3.48
1.81 3.04
1.99 3.51
1.85 0.69
1.35 1.13
1.96 3.80
1.85 3.00
1.69 2.93
1.46 1.92
1.66 0.07
1.46 2.75
1.84 1.38
1.93 3.37
1.55 0.01
1.53 0.61
1.23 0.87
1.47 0.81
1.87 1.76
1.39 2.61
1.47 0.57
1.77 0.86
1.27 2.80
1.83 1.10
1.69 2.27
1.47 2.41
1.30 3.29
1.21 3.38
1.60 2.86
1.70 0.06
1.50 1.07
1.16 2.13
1.20 2.35
1.62 3.80
1.47 2.47
1.16 3.13
1.64 1.01
1.91 1.13
1.34 0.95
1.50 1.52
1.41 3.57
1.89 1.40
1.66 3.66
1.88 0.14
1.55 1.50
1.19 2.03
1.13 1.62
1.60 1.42
1.35 2.96
1.85 2.47
1.87 1.10
1.88 3.49
1.12 3.42
1.91 0.81
1.03 2.10
1.76 0.94
1.99 1.31
1.90 2.79
1.66 3.65
1.62 3.20
1.60 3.19
1.75 2.55
1.05 2.39
1.94 2.91
1.50 0.03
1.80 3.39
1.38 0.76
1.83 3.82
1.37 3.08
1.83 2.05
1.71 1.79
1.75 0.49
1.88 0.94
1.50 3.64
1.59 2.18
1.22 3.82
1.02 2.02
1.95 3.72
1.33 2.21
1.18 2.49
1.39 3.22
1.81 2.54
1.54 1.29
1.82 3.42
1.59 1.55
1.22 1.32
1.84 3.25
1.79 2.76
1.64 3.50
1.26 0.47
1.96 3.54
1.74 2.21
1.31 3.23
1.67 0.02
1.22 1.23
1.82 1.94
1.60 1.74
1.92 2.47
1.05 1.58
1.85 1.69
1.92 3.31
1.11 2.55
1.34 2.85
1.08 0.92
1.79 2.84
1.74 3.30
1.16 3.08
1.77 1.17
1.62 0.06
1.26 3.14
1.85 3.97
1.43 3.04
1.14 1.57
1.37 2.59
1.89 0.02
1.25 0.26
1.42 2.99
1.36 1.17
1.26 1.19
1.87 1.21
1.51 2.56
1.05 2.72
1.99 1.27
1.86 2.93
1.07 0.20
1.95 1.75
1.38 1.97
1.60 2.69
1.16 0.09
1.36 0.85
1.86 1.44
1.61 2.80
1.07 3.45
1.61 2.55
1.91 3.46
1.65 2.84
1.01 2.19
1.32 2.84
1.41 1.76
1.01 3.61
1.10 3.13
1.54 3.58
1.94 1.79
1.48 1.42
1.92 1.65
1.32 3.45
1.70 1.47
1.74 3.36
1.97 2.89
1.22 1.76
1.77 0.23
1.81 3.40
1.04 1.17
1.05 0.21
1.83 3.59
1.02 0.64
1.28 2.59
1.03 3.16
1.26 0.56
1.48 0.25
1.88 3.63
1.42 3.35
1.23 3.86
1.37 2.65
1.80 0.98
1.20 2.77
1.67 1.97
1.51 3.23
1.92 1.25
1.20 0.82
1.55 0.72
1.59 1.45
1.84 3.69
1.24 1.82
2.00 1.62
1.11 2.47
1.41 2.83
1.72 0.06
1.69 1.44
1.52 0.02
1.49 1.20
1.69 0.41
1.87 3.97
1.78 0.36
1.39 3.15
1.15 2.60
1.61 0.68
1.94 0.62
1.93 1.41
1.64 3.79
1.08 3.50
1.36 1.84
1.89 1.59
1.83 2.98
1.25 3.67
1.26 3.72
1.53 3.37
1.89 3.19
1.30 3.85
1.88 2.66
1.72 0.03
1.89 0.48
1.04 1.60
1.28 1.89
1.34 2.49
1.36 1.43
1.83 0.41
1.24 3.85
1.33 1.55
1.16 1.29
