1.21 2.24
1.40 2.58
1.38 2.30
1.03 2.42
1.75 2.37
1.14 0.21
1.95 3.53
1.51 2.01
1.70 3.97
1.33 0.31
1.44 2.92
1.12 2.97
1.82 3.32
1.97 1.24
1.49 0.98
1.28 2.48
1.86 0.17
1.18 1.86
1.76 2.28
1.22 0.65
1.91 2.84
1.13 2.79
1.20 2.47
1.83 1.21
1.77 3.47
1.79 3.44
2.00 2.28
1.90 0.01
1.97 3.80
1.59 1.76
1.00 1.70
1.60 2.79
1.17 1.46
1.11 1.93
1.15 3.51
1.17 1.20
1.99 3.12
1.56 2.48
1.18 1.25
1.39 1.24
1.87 3.84
1.09 1.99
1.63 2.16
1.87 3.66
1.34 0.86
1.84 3.63
1.55 1.94
1.43 3.44
1.30 2.22
1.61 0.25
1.02 2.53
1.18 1.59
1.96 0.35
1.04 2.70
1.90 0.10
1.34 3.05
1.41 2.80
1.48 1.41
1.37 1.84
1.21 1.90
1.58 1.39
1.71 0.80
1.10 0.63
1.83 3.39
1.16 0.35
1.05 2.65
1.43 0.68
1.90 2.46
1.51 3.61
1.86 0.40
1.00 2.31
1.47 0.61
1.96 3.80
1.60 1.66
1.51 0.06
1.30 0.48
1.36 1.77
1.78 2.78
1.70 1.99
1.16 1.72
1.86 3.63
1.74 3.75
1.75 1.65
2.00 2.84
1.44 2.30
1.26 1.35
1.64 1.78
1.13 1.96
1.56 1.96
1.43 0.21
1.87 3.94
1.92 0.59
1.68 1.96
1.63 0.76
1.56 0.82
1.37 3.69
1.49 2.49
1.97 3.36
1.01 2.97
1.13 3.13
1.81 0.20
1.14 1.40
1.79 1.38
1.75 1.31
1.94 0.06
1.19 0.42
1.05 3.71
1.93 1.86
1.47 3.66
1.10 3.89
1.89 0.77
1.29 2.89
1.33 1.94
1.42 3.74
1.85 0.34
1.82 1.81
1.99 1.50
1.19 1.90
1.15 0.64
1.00 1.02
1.26 2.47
1.08 2.66
1.01 0.10
1.33 2.81
1.63 0.67
1.33 3.59
1.88 1.21
1.25 1.26
1.86 1.06
1.70 3.59
1.96 3.80
1.38 2.52
1.25 3.45
1.50 2.15
1.88 3.08
1.21 2.33
1.79 1.44
1.58 1.58
1.13 3.73
1.41 2.66
1.30 2.31
1.83 3.54
1.88 3.22
1.96 0.95
1.14 3.11
1.33 1.24
1.03 3.67
1.79 3.15
1.87 2.76
1.30 1.14
1.92 3.96
1.13 2.29
1.04 0.77
1.85 3.82
1.97 2.74
1.45 3.45
1.92 3.28
1.54 2.44
1.41 3.23
1.12 1.90
1.24 3.07
1.10 2.06
1.06 3.35
1.47 0.91
1.73 2.25
1.95 1.72
2.00 1.81
1.73 3.47
1.39 1.37
1.87 3.71
1.32 0.99
1.23 0.12
1.99 2.08
1.02 1.03
1.88 0.03
1.33 1.60
1.76 0.59
1.38 3.23
1.46 0.52
1.86 0.55
1.11 0.47
1.54 2.19
1.04 0.19
1.75 0.93
1.54 2.28
1.98 2.58
1.12 2.37
1.74 0.12
1.74 1.64
1.80 2.52
1.03 0.83
1.39 2.75
1.76 1.82
1.16 1.93
1.90 3.46
1.61 0.37
1.64 2.87
1.74 2.13
1.90 3.63
1.78 1.13
1.65 2.86
1.60 1.59
1.13 0.97
1.87 1.56
1.97 0.18
1.27 3.53
1.45 3.56
1.08 1.39
1.64 2.38
1.44 0.85
1.53 1.55
1.14 3.18
1.38 0.07
1.49 3.80
1.87 3.31
1.06 0.76
1.46 2.74
1.38 1.69
1.61 3.65
1.64 3.22
1.00 1.43
1.78 2.85
1.25 2.70
1.61 3.80
1.47 2.19
1.02 1.79
1.31 3.62
1.67 3.13
1.52 3.70
1.65 3.49
1.16 2.14
1.67 2.71
1.67 0.71
1.67 1.06
1.07 3.87
1.30 2.50
1.74 0.16
1.74 1.83
1.97 3.57
1.15 0.38
1.95 0.27
1.08 0.65
1.31 1.89
1.31 1.30
1.94 1.27
1.32 2.90
1.45 0.57
1.62 1.14
1.14 3.44
1.55 0.43
