0.99 0.21
0.95 0.48
0.56 0.68
0.26 0.05
0.65 0.12
0.67 0.54
0.31 0.67
0.68 0.96
0.04 0.6
0.58 0.34
0.92 0.65
0.26 0.9
0.39 0.3
0.06 0.26
0.87 0.39
0.08 0.32
0.89 0.4
0.32 0.12
0.64 0.14
0.61 0.38
0.87 0.78
0.04 0.13
0.47 0.66
0.84 0.44
1.0 0.92
0.42 0.85
0.67 0.08
0.72 0.92
0.87 0.05
0.55 0.61
0.71 0.05
0.01 0.41
0.46 0.68
0.48 0.49
0.51 0.89
0.56 0.07
0.2 0.87
0.17 0.88
0.19 0.98
0.14 0.86
0.27 0.49
0.72 0.66
0.46 0.93
0.75 0.31
0.06 0.73
0.83 0.91
0.54 0.47
0.53 0.62
0.1 0.89
0.11 0.83
0.33 0.15
0.92 0.61
0.68 0.76
0.08 0.91
0.02 0.8
0.05 0.78
0.71 0.55
0.99 0.89
0.18 0.06
0.92 0.05
0.25 0.41
0.05 0.73
0.93 0.09
0.56 0.84
0.92 0.39
0.62 0.57
0.23 0.74
0.56 0.27
0.14 0.34
0.02 0.02
0.56 0.85
0.27 0.86
0.96 0.2
0.64 0.64
0.88 0.42
0.88 0.14
0.06 0.11
0.31 0.51
0.07 0.07
0.17 0.33
0.09 0.12
0.13 0.18
0.28 0.08
0.52 0.69
0.72 0.12
0.35 0.07
0.55 0.35
0.18 0.18
0.75 0.48
0.04 0.29
0.05 0.45
0.7 0.99
0.33 0.91
0.28 0.96
0.36 0.56
0.15 0.48
0.52 0.19
0.62 0.01
0.4 0.31
0.54 0.97
