1.44 0.66
1.28 3.12
1.54 2.61
1.13 1.16
1.81 0.97
1.54 3.68
1.48 2.38
1.18 2.16
1.53 2.77
1.48 0.33
1.37 0.1
1.34 1.19
1.96 0.57
1.76 2.25
1.63 1.92
1.65 3.84
1.26 1.01
1.36 0.69
1.43 0.53
1.11 3.29
1.21 0.63
1.52 2.12
1.07 2.08
1.67 0.81
1.46 0.65
1.39 2.52
1.89 2.17
1.71 1.61
1.35 1.95
1.05 1.58
1.32 1.8
1.28 1.47
1.29 0.48
1.26 1.15
1.37 1.71
1.43 3.76
1.96 3.55
1.04 0.02
1.05 2.03
1.15 3.55
1.65 3.72
1.58 2.42
1.93 1.65
1.15 2.07
1.85 0.04
1.57 2.71
1.01 3.61
1.05 1.05
1.74 2.48
1.28 3.96
1.67 0.93
1.38 3.7
1.0 1.28
1.26 0.14
1.43 0.34
1.16 1.44
1.62 0.06
1.08 2.15
1.32 3.59
1.58 0.82
1.16 2.27
1.43 0.08
1.14 3.06
1.83 0.52
1.07 1.32
1.19 3.79
1.73 0.87
1.68 0.22
1.63 0.89
1.05 3.79
1.94 0.21
1.5 2.8
2.0 2.83
1.11 2.81
1.77 1.77
1.82 0.46
1.34 3.18
1.55 0.76
1.63 1.44
1.61 3.38
1.28 3.08
1.94 0.65
1.8 0.57
1.68 1.01
1.67 1.36
2.0 2.74
1.93 0.43
1.71 0.42
1.51 3.35
1.28 3.13
1.89 2.04
1.46 0.03
1.09 1.7
1.89 2.82
1.66 3.34
1.96 3.24
1.68 3.87
1.62 2.07
1.97 3.56
1.15 3.08
1.15 1.0
1.9 2.35
1.97 3.23
1.66 0.09
1.39 0.36
1.45 2.34
1.96 2.34
1.33 3.08
1.65 1.08
1.75 2.78
1.17 2.63
1.53 3.25
1.53 0.92
1.54 2.19
1.38 0.79
1.05 3.61
1.44 3.86
1.54 2.43
1.49 2.5
1.98 3.83
1.62 0.52
1.83 1.53
1.61 1.85
1.38 1.67
1.22 3.95
1.04 2.2
1.43 1.25
1.7 0.1
1.94 2.22
1.1 3.37
1.96 1.07
1.98 1.76
1.55 0.06
1.99 1.83
1.83 1.59
1.82 0.02
1.07 2.5
1.68 0.85
1.43 3.03
1.16 2.99
1.45 2.64
1.06 2.06
1.42 1.06
1.66 3.16
1.28 2.21
1.54 2.6
1.01 0.29
1.86 3.26
1.34 0.79
1.86 1.27
1.04 0.64
1.08 0.64
1.22 3.16
1.85 0.93
1.1 3.06
1.15 0.56
1.96 2.38
1.09 0.72
1.87 1.69
1.54 2.45
1.73 2.34
1.01 0.41
1.11 2.8
1.87 3.47
1.27 3.69
1.4 2.87
1.44 0.52
1.84 2.23
1.57 2.71
1.1 2.51
1.95 0.1
1.21 2.94
1.6 3.85
1.09 1.0
1.3 1.37
1.54 1.51
1.15 0.55
1.37 3.36
1.4 3.81
1.87 3.37
1.22 1.56
1.6 3.9
1.42 2.08
1.86 0.37
1.86 1.07
1.94 1.08
1.03 0.04
1.08 2.07
1.16 2.57
1.31 2.49
1.41 2.61
1.53 0.72
1.58 3.0
1.0 3.71
1.8 0.46
1.69 3.54
1.67 1.15
1.92 3.65
1.03 0.75
1.61 0.0
1.88 3.76
1.23 2.66
1.02 3.32
1.42 0.32
1.96 0.75
1.91 1.47
1.17 1.99
1.02 0.69
1.12 2.13
1.99 3.53
1.77 2.61
1.8 0.78
1.16 2.18
1.4 1.7
1.09 0.49
1.17 1.64
1.48 2.82
1.07 1.29
1.18 0.43
1.97 2.37
1.76 1.74
1.34 3.76
1.89 1.34
1.11 3.32
1.87 2.55
1.83 0.29
1.5 2.7
1.34 3.88
1.75 2.28
1.51 1.25
1.8 1.07
1.37 0.79
1.63 2.89
1.14 0.88
1.79 3.24
1.6 2.49
1.83 1.47
1.51 1.75
1.85 0.56
1.65 1.97
1.1 2.32
1.13 0.18
1.15 1.95
1.8 0.53
1.27 3.72
1.34 0.79
1.1 2.58
1.67 2.89
1.39 3.72
1.9 1.61

